1006143	0.01
1007013	0.01
1009339	1.85
1009628	4.1
1011568	4.9
1011949	5.18
1013555	5.5
1014081	5.73
1015205	6.33
1015924	6.77
1016883	6.71
1017506	7.24
1018309	7.85
1019007	8.05
1019771	7.96
1020651	7.61
1021212	7.67
1022205	7.88
1022576	8.11
1023515	8.81
1023950	8.78
1024867	8.65
1025222	8.99
1026264	10.01
1026280	9.82
1027510	8.9
1027634	9.08
1028675	9.41
1028806	10.08
1029826	10.15
1029924	10.39
1030881	10.85
1031227	10.11
1031988	9.85
1032401	10.33
1033049	10.56
1033424	11.31
1034091	11.42
1034468	11.31
1035112	11.42
1035637	10.81
1036126	10.84
1036713	11.28
1037080	11.65
1037607	12.76
1038036	12.76
1038430	13.32
1038923	13.78
1039518	12.05
1039876	11.6
1040645	11.42
1040823	11.44
1041466	13.39
1041738	13.62
1042100	15.72
1042684	15.51
1043132	11.94
1043582	12.27
1044092	12.7
1044478	12.71
1044899	13.87
1045345	14.1
1045762	13.64
1046207	13.66
1046739	12.85
1047081	12.76
1047516	14.32
1047927	14.55
1048285	14.63
1048778	14.58
1049041	14.71
1049673	14.37
1049991	12.78
1050530	13.07
1050858	13.67
1051373	13.78
1051642	14.5
1052206	14.58
1052380	15.05
1053043	15.03
1053314	13.35
1053891	13.25
1054194	13.64
1054710	13.89
1054987	14.63
1055537	14.57
1055763	14.72
1056314	15.17
1056667	14.1
1057163	13.46
1057482	14.18
1058125	13.37
1058266	13.63
1058950	14.64
1059070	14.46
1059719	14.99
1059963	14.26
1060554	13.67
1060751	14.53
1061434	14.16
1061529	14.27
1062250	14.79
1062313	14.73
1063045	14.92
1063186	14.16
1063876	13.84
1064055	13.87
1064640	14.5
1064823	15.39
1065456	14.91
1065552	15.31
1066319	14.9
1066414	13.66
1067156	13.89
1067342	13.39
1067919	14.06
1068115	15.35
1068742	14.8
1068897	14.69
1069529	15.01
1069754	14.37
1070367	13.91
1070553	14.39
1071233	14.17
1071303	14.67
1072049	15.08
1072053	15.06
1072846	15.23
1072897	14.37
1073680	14.04
1073723	14.2
1074462	14.67
1074468	15.44
1075264	14.92
1075274	14.65
1076023	15.24
1076113	14.8
1076845	14.12
1076928	14.4
1077593	15.11
1077680	15.73
1078398	15.16
1078433	15.14
1079231	14.89
1079303	13.85
1080056	13.91
1080172	13.92
1080909	13.69
1080937	14.61
1081720	14.96
1081751	14.51
1082397	15.95
1082630	15.4
1083233	13.75
1083492	13.88
1084039	14.14
1084247	15.11
1084856	15.01
1084986	15.19
1085620	15.7
1085872	14.37
1086440	13.82
1086703	14.27
1087243	14.44
1087448	15.24
1088043	15.26
1088231	14.89
1088846	14.87
1089139	13.83
1089658	13.73
1090006	14.05
1090437	14.36
1090743	15.54
1091228	15.43
1091435	15.96
1091976	16.39
1092366	14.2
1092789	13.58
1093351	13.23
1093608	13.17
1094079	15.28
1094412	15.42
1094651	17.64
1095254	17.31
1095591	13.26
1096063	13.56
1096479	13.93
1096877	13.88
1097230	15.08
1097668	15.29
1098040	14.73
1098461	14.71
1098967	13.78
1099272	13.62
1099711	15.18
1100055	15.44
1100450	15.5
1100851	15.39
1101180	15.48
1101685	15.13
1102099	13.47
1102484	13.77
1102937	14.38
1103270	14.52
1103699	15.24
1104044	15.34
1104416	15.82
1104825	15.76
1105327	14.01
1105614	13.94
1106190	14.31
1106375	14.56
1106968	15.3
1107145	15.22
1107735	15.33
1107868	15.84
1108630	14.74
1108653	14.08
1109436	14.8
1109543	13.93
1110215	14.19
1110308	15.25
1111017	15.65
1111783	15.04
1111905	14.34
1112589	13.96
1112691	14.81
1113332	15.42
1113463	15.56
1114049	15.85
1114241	15.79
1114796	15.46
1115107	14.7
1115483	15.4
1115966	15.44
1116210	14.95
1116729	15.83
1116977	15.41
1117452	15.83
1117728	16
1118311	14.71
1118412	15.46
1119154	14.8
1119238	14.3
1119867	14.63
1120011	15.88
1120633	15.3
1120792	15.23
1121424	14.99
1121647	14.34
1122175	14.75
1122446	15.22
1122906	15.42
1123195	15.93
1123673	15.55
1123947	15.51
1124391	16.05
1124793	15.19
1125140	14.82
1125620	14.98
1125830	15.66
1126366	16.44
1126594	15.63
1127163	15.12
1127287	15.91
1128005	15.51
1128033	14.9
1128802	14.66
1128810	14.99
1129545	15.69
1129561	15.78
1130274	15.83
1130348	15.57
1131095	15.98
1131107	14.98
1131715	16.57
1131929	16.64
1132483	14.83
1132648	15.86
1133223	16.16
1133406	15.74
1133977	15.58
1134218	15.08
1134682	15.63
1135014	15.76
1135441	15.16
1135708	16.26
1136185	16.41
1136386	16.62
1136929	16.61
1137195	15.18
1137669	15.24
1137950	15.77
1138417	15.68
1138623	16.63
1139130	17.03
1139324	16.68
1139852	16.56
1140133	15.44
1140529	15.99
1140897	16.42
1141263	15.72
1141546	17.1
1142003	17.06
1142149	17.74
1142723	17.94
1142958	15.46
1143474	15.14
1143807	14.79
1144192	15.14
1144432	17.64
1144912	17.63
1144920	20.26
1145607	20.55
1145719	15.86
1146298	15.92
1146474	16.34
1147000	16.18
1147107	17.68
1147675	18.03
1147792	17.33
1148354	17.27
1148571	16.24
1149067	15.83
1149192	17.76
1149749	18.14
1149806	18.24
1150408	18.43
1150418	18.59
1151077	18.72
1151168	16.7
1151739	16.67
1151858	17.45
1152405	17.38
1152481	18.31
1153048	18.65
1153066	19.23
1153691	19.2
1153808	17.09
1154295	17.71
1154508	18.2
1154953	17.37
1155139	18.26
1155698	17.23
1155758	17.42
1156338	18.72
1156486	17.31
1156932	18.02
1157141	18.91
1157578	18.13
1157771	18.47
1158258	18.01
1158419	17.77
1158882	18.53
1159141	17.61
1159490	17.86
1159780	18.91
1160120	18.57
1160410	18.7
1160700	19.52
1161045	19.45
1161313	18.89
1161754	17.92
1161958	17.45
1162465	17.44
1162579	17.8
1163089	18.94
1163144	19.87
1163684	20.33
1163747	19.68
1164319	20.2
1164385	18.7
1164933	18.01
1165141	17.4
1165561	17.19
1165767	18.8
1166157	19.29
1166398	19.22
1166734	19.56
1167090	18.74
1167336	18.3
1167740	18.86
1167898	19.56
1168345	20.22
1168482	19.84
1168951	19.81
1169018	20.67
1169608	19.69
1169630	18.66
1170145	19.66
1170296	19.85
1170722	19.07
1170891	20.09
1171315	19.83
1171525	19.26
1171899	19.37
1172197	18.85
1172506	18.5
1172838	18.91
1173076	19.54
1173420	20.46
1173548	22.56
1173996	22.68
1174131	20.35
1174659	19.02
1174695	19.36
1175263	19.29
1175317	19.35
1175796	20.04
1175889	21.35
1176371	20.52
1176494	20
1176938	20.16
1177143	19.48
1177499	19.58
1177780	19.76
1178059	19.8
1178333	21.21
1178627	21.02
1178869	21.34
1179172	21.8
1179514	19.95
1179726	19.78
1180112	20.48
1180241	21.29
1180647	22.47
1180801	21.57
1181198	21.23
1181365	21.13
1181834	19.71
1181917	19.95
1182438	20.46
1182490	20.05
1182943	21.92
1183045	22.25
1183413	23.15
1183603	23.11
1184042	19.94
1184145	20.25
1184684	20.29
1184701	19.88
1185187	23.02
1185235	22.79
1185565	26.32
1185769	26.68
1186187	20.54
1186308	20.41
1186775	20.95
1186873	20.44
1187271	22.3
1187416	22.74
1187807	21.88
1187953	21.98
1188414	20.66
1188481	20.84
1188903	23.23
1189014	23.14
1189385	23.27
1189551	23.16
1189855	23.53
1190073	23.87
1190448	21.26
1190594	21.23
1190988	22.19
1191079	23.05
1191475	24.24
1191612	23.15
1191930	24.03
1192213	22.78
1192507	20.01
1192728	21.65
1193052	22.27
1193206	23.15
1193542	24.34
1193726	23.35
1194021	23.6
1194274	23.02
1194584	21.23
1194780	22.12
1195091	23.26
1195266	23.74
1195578	24.24
1195775	23.69
1196074	23.42
1196244	24.44
1196627	23.24
1196737	22.58
1197117	23.95
1197254	23.41
1197599	23.64
1197757	23.96
1198084	23.86
1198212	25.09
1198624	23.85
1198699	23
1199160	23.71
1199164	23.71
1199641	25.18
1199654	24.3
1200091	25.01
1200165	24.64
1200621	22.64
1200644	23.42
1201107	23.79
1201194	22.98
1201591	22.48
1201666	24.68
1202046	25.4
1202143	25.27
1202513	24.96
1202667	23.88
1202943	24.99
1203160	25.7
1203417	24.4
1203618	25.26
1203851	26.44
1204077	26.47
1204312	25.61
1204593	24.17
1204787	23.82
1205099	24.02
1205255	24.2
1205552	25.59
1205738	25.22
1206031	24.52
1206189	25.36
1206541	24.63
1206564	27.32
1207024	24.38
1207027	24.9
1207471	26.44
1207907	26.72
1207921	26.66
1208342	27.5
1208411	25.67
1208797	24.69
1208911	24.76
1209247	24.87
1209347	26.57
1209693	26.72
1209808	26.01
1210137	26.01
1210306	25.09
1210586	24.97
1210795	25.19
1211021	25.61
1211219	27.43
1211461	27.31
1211630	27.75
1211870	28.73
1212129	26.23
1212317	25.04
1212593	25.9
1212768	25.78
1213008	27.32
1213207	27.68
1213438	27.18
1213664	26.62
1213935	24.72
1214107	25.13
1214409	25.72
1214555	25.6
1214809	27.9
1214988	28.3
1215179	29.49
1215419	29.59
1215676	25.52
1215859	25.27
1216202	24.64
1216286	25.05
1216588	29.09
1216717	28.96
1216888	33.4
1217168	32.76
1217385	24.91
1217607	25.27
1217859	25.87
1218041	26.03
1218257	28.34
1218467	28.59
1218687	27.56
1218898	27.4
1219180	25.64
1219332	25.55
1219575	28.45
1219756	28.8
1219965	29.03
1220180	29
1220347	29.35
1220578	30.26
1220828	27.02
1221016	25.67
1221270	26.78
1221512	25.23
1221668	26.7
1221939	28.63
1222040	29.7
1222335	30.75
1222513	27.33
1222769	26.06
1222963	26.69
1223230	25.87
1223368	27.32
1223656	28.37
1223765	28.66
1224068	29.13
1224233	26.88
1224502	26.19
1224657	27.5
1224903	28.62
1225064	29.2
1225327	28.37
1225478	28.12
1225772	27.5
1225943	25.93
1226205	26.27
1226357	27.83
1226601	29.14
1226764	29.42
1227026	28.37
1227173	28.26
1227431	28.98
1227633	27.41
1227864	26.44
1228094	26.35
1228316	25.78
1228501	27.54
1228742	28.34
1228886	29.13
1229155	29.6
1229342	27.24
1229588	26.52
1229837	25.45
1229997	26.28
1230245	28.88
1230422	28.37
1230656	28.22
1230811	29.47
1231111	28.12
1231241	26.64
1231542	27.33
1231637	28.58
1231943	29.6
1232059	28.65
1232345	28.65
1232495	28.2
1232799	26.46
1232928	26.55
1233248	26.75
1233375	26.33
1233649	27.87
1233796	28.68
1234073	27.85
1234144	30.79
1234527	29.93
1234575	26.7
1234962	27.24
1234992	27.7
1235359	29
1235414	28.76
1235751	28.95
1235808	30.02
1236204	27.99
1236236	26.8
1236657	26.8
1236661	26.86
1237054	28.73
1237083	28.83
1237472	28.02
1237505	28.05
1237926	26.97
1237932	26.77
1238347	27.17
1238373	27.37
1238762	29.38
1238765	29.24
1239140	29.64
1239157	30.61
1239586	29.31
1239595	26.65
1240017	26.62
1240025	27.4
1240406	29.2
1240438	29.49
1240803	28.79
1240877	28.22
1241263	26.22
1241302	26.67
1241704	27.22
1241732	27.06
1242073	29.66
1242148	30.12
1242418	31.28
1242563	31.32
1242879	26.97
1242986	26.7
1243370	25.95
1243397	26.35
1243730	30.65
1243813	30.48
1244009	35.35
1244249	34.73
1244474	26.24
1244671	26.62
1244918	27.19
1245091	27.33
1245293	29.81
1245503	30.05
1245695	28.91
1245918	28.84
1246160	26.92
1246337	26.75
1246535	29.77
1246748	30.07
1246902	30.37
1247158	30.34
1247264	30.65
1247543	31.62
1247720	28.19
1247967	26.81
1248140	27.98
1248446	26.33
1248519	27.86
1248860	29.81
1248872	30.87
1249244	31.98
1249324	28.4
1249664	27.12
1249754	27.73
1250111	26.82
1250142	28.33
1250523	29.83
1250922	30.26
1250970	27.91
1251342	27.21
1251377	28.57
1251729	29.73
1251768	30.32
1252141	29.4
1252165	29.1
1252571	28.5
1252613	26.88
1252990	27.24
1253013	28.78
1253372	30.15
1253403	30.49
1253784	29.36
1253799	29.17
1254175	29.94
1254243	28.36
1254597	27.29
1254689	27.17
1255035	26.63
1255082	28.48
1255450	29.25
1255455	30.02
1255851	30.48
1255897	28.02
1256273	27.29
1256377	26.26
1256672	27.06
1256772	29.68
1257085	29.18
1257172	29.03
1257464	30.31
1257613	28.87
1257886	27.32
1258031	28.08
1258273	29.31
1258421	30.32
1258687	29.37
1258812	29.37
1259113	28.93
1259254	27.18
1259537	27.25
1259690	27.37
1259977	26.87
1260078	28.57
1260390	29.44
1260491	28.53
1260734	31.39
1260933	30.45
1261157	27.25
1261355	27.88
1261568	28.29
1261743	29.55
1261984	29.38
1262124	29.58
1262373	30.56
1262564	28.53
1262796	27.35
1263005	27.32
1263214	27.42
1263391	29.32
1263632	29.35
1263799	28.56
1264047	28.67
1264240	27.58
1264469	27.35
1264675	27.5
1264880	27.91
1265053	29.95
1265293	29.85
1265420	30.36
1265681	31.28
1265865	28.42
1266106	27.1
1266282	27.99
1266533	27.92
1266653	29.72
1266950	30.05
1267039	29.39
1267385	28.8
1267489	26.63
1267808	27.05
1267917	27.72
1268235	27.56
1268277	30.16
1268613	31.38
1268647	31.92
1269061	31.81
1269064	27.29
1269482	27.05
1269543	26.26
1269893	31.16
1270167	35.91
1270306	35.84
1270620	27.27
1270742	26.54
1271052	27.15
1271160	27.7
1271417	30.23
1271579	30.2
1271810	29.09
1271989	29.39
1272261	27.46
1272402	27.35
1272627	30.4
1272820	30.23
1272985	30.5
1273229	30.85
1273335	31.27
1273637	31.27
1273781	27.67
1274020	28.66
1274188	29.89
1274439	28.53
1274555	30.11
1274899	31.23
1274917	29.5
1275327	31.58
1275337	27.88
1275708	28.9
1275753	29.61
1276123	28.39
1276130	29.82
1276497	30.2
1276565	29.36
1276931	26.96
1276971	28.11
1277326	29.42
1277365	29.86
1277703	30.58
1277779	29.85
1278089	29.53
1278161	30.76
1278520	29.1
1278566	28.22
1278907	29.8
1278989	29.15
1279286	29.47
1279402	29.8
1279667	29.76
1279778	31.17
1280097	29.4
1280182	28.35
1280527	28.28
1280565	29.05
1280907	30.88
1280977	29.8
1281267	30.66
1281406	30.09
1281693	27.56
1281811	28.37
1282156	27.29
1282205	27.74
1282539	30.37
1282617	29.68
1282924	29.6
1283008	30.4
1283351	28.93
1283411	28.48
1283756	29.16
1283780	30.47
1284132	31.63
1284192	29.96
1284510	29.88
1284571	31.13
1284937	29.34
1284976	28.34
1285359	28.54
1285393	28.12
1285736	29.79
1285809	29.86
1286136	28.92
1286239	28.42
1286564	27.49
1286643	28.38
1286973	28.95
1286980	31.9
1287348	33.24
1287394	29.9
1287718	30.16
1287797	30.58
1288146	28.38
1288206	28.2
1288574	28.2
1288587	29.22
1288949	31.17
1289002	29.9
1289343	29.11
1289415	29.21
1289773	28
1289825	28.07
1290196	28.29
1290234	28.33
1290564	30.41
1290652	30.1
1290922	30.59
1291056	31.12
1291355	28.19
1291465	27.97
1291762	28.91
1291847	29.97
1292124	31.73
1292265	30.36
1292501	29.76
1292689	29.59
1292940	27.34
1293101	27.72
1293357	28.46
1293532	27.86
1293709	30.39
1293949	30.78
1294036	32.11
1294373	31.94
1294477	27.28
1294783	27.69
1294945	26.92
1295191	27.02
1295286	31.76
1295553	36.58
1295609	36.24
1295995	27.39
1296015	27.84
1296420	28.44
1296426	28.22
1296775	30.88
1296857	30.25
1297160	29.04
1297272	29.53
1297601	27.52
1297687	27.49
1297958	30.66
1298094	30.97
1298308	31.3
1298503	31.23
1298651	31.63
1298918	31.45
1299086	27.77
1299321	28.12
1299484	29.38
1299726	29.34
1299844	30.95
1300104	31.99
1300178	33.17
1300520	31.74
1300608	27.89
1300992	26.21
1301015	26.95
1301383	28.49
1301397	30.55
1301743	30.91
1301773	32.03
1302167	29.59
1302183	28.29
1302555	29.55
1302620	28.69
1302924	29.47
1303022	30.62
1303301	30.28
1303409	30.85
1303726	29.11
1303817	28.33
1304103	30.02
1304194	31.21
1304476	31.46
1304591	30.67
1304850	30.63
1305008	29.92
1305270	28.18
1305412	28.64
1305694	28.47
1305783	29.81
1306066	31.75
1306179	30.67
1306420	31.48
1306554	32.35
1306839	29.8
1306961	28.6
1307293	27.45
1307379	27.04
1307669	29.76
1307774	30.58
1308048	30.45
1308158	30.92
1308467	29.47
1308559	28.78
1308865	29.49
1308939	30.26
1309236	31.38
1309330	30.99
1309606	30.94
1309689	32.33
1310027	30.48
1310088	28.79
1310443	28.96
1310453	30.38
1310813	32.06
1310844	30.9
1311207	30.02
1311246	29.68
1311628	28.68
1311643	28.83
1312033	29.38
1312056	28.81
1312403	30.18
1312445	31.06
1312767	34.52
1313164	31.1
1313189	28.83
1313549	29.26
1313612	29.26
1313938	29.14
1313983	31.06
1314302	32.1
1314373	31.33
1314696	30.05
1314796	28.88
1315088	28.95
1315216	29.05
1315478	29.13
1315580	31.29
1315866	31.36
1315933	31.92
1316262	31.65
1316361	28.71
1316643	29.26
1316766	30.04
1317031	29.76
1317122	31.68
1317393	32.82
1317495	32.15
1317788	30.71
1317927	28.48
1318190	28.26
1318338	28.99
1318579	29.47
1318687	32.02
1318985	31.42
1319010	32.84
1319379	33.24
1319445	28.49
1319779	28.3
1319906	27.54
1320166	28
1320243	32.75
1320505	37.7
1320551	37.78
1320940	28.84
1320945	28.49
1321331	28.8
1321358	29.39
1321709	32.04
1321718	32
1322087	30.85
1322125	30.13
1322518	30.58
1322521	28.49
1322871	31.78
1322911	31.82
1323216	32.11
1323296	32.42
1323552	32.83
1323683	32.75
1323978	29.05
1324075	28.85
1324371	30.05
1324458	30.45
1324723	32.2
1324841	32.16
1325051	33.28
1325200	34.36
1325471	30.48
1325594	28.94
1325871	29.64
1326042	27.87
1326231	29.51
1326426	31.7
1326583	32.07
1326783	33.28
1326998	30.74
1327172	29.34
1327377	30.68
1327586	29.77
1327737	30.59
1327966	31.82
1328106	31.42
1328336	31.93
1328518	30.26
1328723	29.56
1328888	31.22
1329081	32.42
1329249	32.82
1329459	31.95
1329612	31.81
1329855	31.14
1330021	29.31
1330240	29.66
1330433	29.59
1330592	31.07
1330793	33.05
1330969	31.98
1331136	32.89
1331327	33.68
1331540	31
1331713	29.84
1331980	28.69
1332113	28.11
1332343	30.95
1332491	31.85
1332709	31.72
1332856	32.28
1333114	30.73
1333238	29.92
1333497	30.76
1333600	31.65
1333855	32.73
1333974	32.2
1334213	32.25
1334317	33.67
1334616	31.75
1334699	30.04
1335016	30.22
1335049	31.64
1335372	33.38
1335422	32.29
1335749	31.42
1335808	30.88
1336153	29.88
1336189	30.08
1336541	30.64
1336583	30.13
1336895	31.64
1336955	32.56
1337242	32.85
1337261	36.23
1337640	32.52
1337646	30.16
1338007	30.67
1338050	30.67
1338379	30.49
1338402	32.56
1338727	33.61
1338775	32.76
1339105	31.46
1339180	30.21
1339479	30.33
1339580	30.48
1339850	30.6
1339925	32.95
1340220	33.04
1340262	33.44
1340597	33.15
1340670	30.14
1340961	30.7
1341053	31.61
1341329	31.39
1341394	33.28
1341674	34.35
1341749	33.71
1342049	32.35
1342161	30.01
1342430	29.8
1342555	30.49
1342801	30.82
1342887	33.52
1343187	32.95
1343195	34.45
1343562	34.9
1343610	29.87
1343940	29.74
1344050	29
1344308	29.42
1344373	34.24
1344622	39.66
1344674	39.79
1345038	30.33
1345048	29.94
1345413	30.38
1345437	30.98
1345772	33.77
1345779	33.72
1346133	32.5
1346165	31.62
1346538	32.15
1346547	29.99
1346883	33.38
1346910	33.42
1347212	33.74
1347275	34.04
1347535	34.43
1347642	34.34
1347942	30.52
1348015	30.27
1348318	31.46
1348378	31.89
1348655	33.76
1348742	33.71
1348969	34.88
1349082	36.02
1349371	31.98
1349457	30.4
1349754	31.17
1349883	29.22
1350098	30.92
1350250	33.17
1350437	33.48
1350589	34.8
1350835	32.18
1350960	30.72
1351198	32.19
1351357	31.11
1351544	31.86
1351721	33.21
1351897	32.87
1352074	33.37
1352292	31.6
1352443	30.88
1352648	32.51
1352786	33.72
1352995	34.15
1353149	33.2
1353345	33.11
1353529	32.38
1353737	30.49
1353898	31
1354131	30.96
1354236	32.38
1354479	34.35
1354597	33.24
1354807	34.28
1354940	35.13
1355197	32.28
1355312	30.98
1355620	29.8
1355696	29.27
1355969	32.22
1356058	33.15
1356321	33.05
1356410	33.52
1356709	31.92
1356780	31.15
1357078	31.88
1357129	32.8
1357422	34.05
1357491	33.45
1357764	33.5
1357822	35.07
1358153	32.99
1358189	31.19
1358528	32.57
1358537	32.81
1358879	34.7
1358890	33.55
1359242	32.5
1359263	31.98
1359629	31.01
1359632	31.27
1360002	31.8
1360016	31.09
1360341	32.68
1360374	33.83
1360673	37.14
1360674	37.46
1361041	33.7
1361061	31.27
1361399	31.76
1361448	31.72
1361760	31.54
1361786	33.8
1362098	34.91
1362143	33.97
1362465	32.6
1362530	31.27
1362831	31.36
1362913	31.48
1363193	31.61
1363244	34.12
1363553	34.21
1363565	34.71
1363921	34.4
1363955	31.15
1364277	31.65
1364322	32.64
1364636	32.55
1364649	34.52
1364972	35.6
1364987	35.01
1365340	33.53
1365380	31.04
1365713	30.78
1365757	31.42
1366074	34.37
1366076	34.81
1366368	36.33
1366454	35.73
1366765	30.46
1366822	30.89
1367184	30.14
1367192	29.97
1367492	35
1367552	35.49
1367731	41.01
1367911	41.1
1368129	31.29
1368277	30.98
1368510	31.56
1368634	31.92
1368831	34.91
1368994	34.82
1369176	33.43
1369371	32.61
1369572	30.46
1369737	30.97
1369892	34.56
1370103	34.56
1370208	34.79
1370461	35.2
1370515	35.69
1370820	35.55
1370905	31.47
1371186	31.24
1371265	32.5
1371543	32.86
1371588	34.79
1371889	36.07
1371900	36.12
1372235	37.15
1372274	32.88
1372602	31.35
1372642	32.1
1372972	33.85
1373021	31.85
1373297	32.24
1373382	34.54
1373678	31.78
1373716	33.06
1374027	34.51
1374082	32.97
1374360	33.84
1374473	32.85
1374700	32.48
1374831	33.83
1375080	31.91
1375179	32.44
1375422	34.2
1375544	33.32
1375756	33.73
1375884	34.96
1376093	34.86
1376244	33.94
1376472	31.91
1376620	31.21
1376852	31.21
1376985	31.68
1377188	33.71
1377320	35.06
1377506	36.05
1377678	34.98
1377883	32.08
1378019	32.9
1378292	31.68
1378387	30.45
1378630	33.48
1378770	32.81
1378972	32.6
1379131	33.59
1379348	32.03
1379482	32.45
1379708	33.19
1379850	32.37
1380041	33.6
1380199	34.51
1380375	34.51
1380559	34.04
1380753	31.99
1380889	33.43
1381127	33.6
1381257	31.76
1381463	33.59
1381596	34.96
1381816	34.06
1381957	33
1382195	31.82
1382330	31.34
1382560	31.97
1382699	32.06
1382892	33.72
1383084	33.1
1383220	33.31
1383447	34.29
1383599	31.77
1383746	35.2
1383981	35.12
1384116	31.3
1384314	33.57
1384476	34.05
1384664	33.19
1384840	33.01
1385047	31.56
1385181	32.65
1385426	32.86
1385551	31.55
1385752	34.09
1385918	34.22
1386069	34.68
1386284	34.63
1386456	31.31
1386648	31.44
1386818	32.45
1387020	32.15
1387142	34.06
1387380	34.54
1387476	34
1387744	33.82
1387866	31.29
1388085	32.38
1388240	33.07
1388457	31.63
1388555	34.53
1388835	34.28
1388846	35.76
1389203	36.22
1389240	31.04
1389585	30.41
1389655	29.65
1389956	30.15
1389962	35.11
1390199	40.77
1390333	40.52
1390596	30.54
1390698	31.06
1390974	31.81
1391060	31.9
1391294	34.68
1391431	34.29
1391637	33.1
1391792	33.54
1392032	31.23
1392156	31.1
1392352	34.65
1392541	33.81
1392666	34.16
1392911	34.74
1392972	35.17
1393281	35.17
1393362	31.02
1393644	31.33
1393721	32.68
1394008	32.64
1394043	34.48
1394343	35.82
1394378	35.56
1394729	31.22
1394740	31.62
1395096	32.32
1395100	32.32
1395426	34.17
1395438	35.28
1395749	35.66
1395809	34.11
1396132	31.3
1396232	29.38
1396480	30.89
1396595	33.15
1396812	34.02
1396931	35.33
1397151	34.91
1397299	33.43
1397532	31.47
1397691	30.45
1397873	32.3
1398053	33.59
1398207	33.95
1398401	34.56
1398544	34.46
1398767	33.67
1398922	31.68
1399108	32.87
1399302	32.83
1399466	31.96
1399638	33.99
1399841	33.24
1399955	34.29
1400206	34.72
1400333	31.72
1400541	33.17
1400741	32.02
1400898	30.94
1401079	33.93
1401238	34.8
1401419	34.7
1401605	33.42
1401795	31.76
1401985	31.13
1402154	31.91
1402345	32.86
1402487	34.1
1402692	34.62
1402820	34.67
1403057	33.93
1403197	31.81
1403403	32.65
1403572	32.73
1403760	32.25
1403904	34.29
1404088	35.76
1404256	34.75
1404451	32.96
1404633	31.85
1404786	33.16
1404996	33.76
1405143	32.73
1405326	34.4
1405512	33.87
1405652	34.09
1405878	34.22
1406028	31.76
1406258	31.21
1406406	31.17
1406614	32.12
1406736	34.35
1406909	37.89
1407084	37.01
1407273	33.2
1407463	31.81
1407627	32.22
1407837	32.39
1407984	32.25
1408161	34.68
1408320	35.71
1408474	36.35
1408685	34.96
1408855	31.64
1409046	31.82
1409213	32.73
1409406	32.82
1409532	34.93
1409763	35.02
1409862	34.3
1410129	33.89
1410246	31.47
1410482	32.07
1410615	32.65
1410838	32.56
1410924	35.72
1411171	36.76
1411211	38.16
1411537	36.66
1411598	31.36
1411906	31.18
1412006	30.4
1412266	30.85
1412308	35.91
1412540	41.91
1412641	41.25
1412928	30.97
1413004	31.45
1413300	32.06
1413372	31.88
1413612	34.93
1413730	35.29
1413948	33.99
1414084	34.27
1414335	31.91
1414446	31.49
1414648	35.15
1414801	35.52
1414954	35.89
1415155	35.84
1415253	36.29
1415530	35.41
1415632	31.25
1415893	31.81
1415982	33.1
1416255	33.1
1416296	35.03
1416589	36.38
1416609	36.74
1416962	32.43
1416964	32.39
1417320	33.09
1417325	32.82
1417640	34.72
1417678	35.09
1417955	35.39
1418031	35.39
1418326	32.61
1418360	33.88
1418665	35.33
1418722	33.65
1418986	34.57
1419134	32.59
1419316	32.2
1419488	34.54
1419685	32.6
1419816	33.98
1420018	35.76
1420174	34.2
1420341	34.69
1420556	33.66
1420668	33.43
1420907	34.8
1421036	32.83
1421247	33.43
1421405	33.3
1421602	32.51
1421732	34.61
1421933	35.81
1422041	36.92
1422283	35.95
1422407	32.88
1422648	32.19
1422806	30.94
1423003	31.39
1423134	34.5
1423328	36.03
1423466	35.92
1423674	34.82
1423834	33.07
1424005	33.85
1424184	34.63
1424360	33.47
1424508	34.88
1424729	34.2
1424833	34.09
1425077	35.1
1425202	32.94
1425413	33.49
1425568	33.63
1425766	32.83
1425895	34.75
1426101	35.54
1426241	34.61
1426445	34.2
1426612	33
1426763	34.4
1426969	35.07
1427114	33.33
1427294	34.96
1427437	36.42
1427615	36.59
1427783	35.42
1427988	32.91
1428138	32.47
1428362	32.39
1428490	32.44
1428690	34.7
1428857	34.06
1429035	33.07
1429200	34.25
1429411	32.89
1429483	36.48
1429784	36.61
1429833	32.62
1430106	35.18
1430174	35.62
1430420	36.03
1430518	35.93
1430802	32.55
1430840	33.67
1431161	34.75
1431191	33.24
1431481	35.13
1431539	35.28
1431814	34.67
1431884	34.87
1432201	32.34
1432227	32.39
1432574	32.97
1432578	32.57
1432886	35.66
1432917	36.26
1433176	37.76
1433260	37.56
1433568	32.24
1433580	33.47
1433931	31.9
1433983	30.99
1434286	30.71
1434290	35.8
1434527	41.4
1434633	41.88
1434922	31.94
1434994	31.23
1435301	31.86
1435344	32.37
1435621	35.3
1435699	35.11
1435964	33.81
1436042	34.3
1436362	31.96
1436384	32.06
1436681	35.69
1436734	35.3
1436997	35.47
1437075	35.91
1437304	36.52
1437419	36.42
1437695	32.2
1437779	31.39
1438055	32.77
1438130	33.24
1438378	35.07
1438479	35.11
1438681	36.38
1438821	36.78
1439067	32.53
1439164	32.38
1439437	33.09
1439514	32.79
1439768	34.57
1439855	35.02
1440093	35.4
1440196	35.4
1440477	32.65
1440516	33.85
1440828	35.3
1440865	33.71
1441161	34.57
1441266	32.42
1441502	32
1441608	34.5
1441885	32.6
1441927	33.85
1442230	35.54
1442275	34
1442566	34.46
1442648	33.37
1442904	33.26
1442988	34.7
1443286	32.73
1443319	33.26
1443666	32.44
1443670	32.32
1443988	33.69
1444008	35.78
1444327	36.87
1444329	35.8
1444686	35.02
1444707	32
1445033	32.53
1445120	31.32
1445350	32.82
1445460	35.8
1445690	34.6
1445803	34.5
1446013	35.41
1446183	33.78
1446361	32.52
1446544	33.29
1446723	32.59
1446880	33.8
1447065	34.81
1447216	34.86
1447394	35.43
1447596	33.31
1447742	32.39
1447973	32.55
1448072	33.47
1448308	35.43
1448411	34.96
1448664	33.92
1448723	35.43
1449045	34.38
1449071	32.48
1449389	33.97
1449412	34.52
1449730	33.32
1449744	35.07
1450074	35.18
1450081	34.69
1450429	34.83
1450454	32.39
1450790	31.78
1450836	31.78
1451131	32.73
1451169	34.96
1451412	38.65
1451520	37.74
1451758	33.81
1451903	32.44
1452096	32.85
1452280	33.09
1452436	32.99
1452607	35.39
1452755	36.59
1452923	37.11
1453102	35.56
1453310	32.24
1453447	32.38
1453672	33.4
1453788	33.55
1453993	35.62
1454127	35.68
1454328	34.96
1454476	34.56
1454717	32.07
1454811	32.73
1455089	33.42
1455151	33.21
1455403	36.2
1455468	37.46
1455693	39.02
1455815	37.36
1456083	32.08
1456168	31.84
1456497	30.96
1456511	31.4
1456802	36.42
1456868	35.75
1457037	41.67
1457215	42.15
1457430	31.93
1457566	31.73
1457806	32.45
1457908	32.89
1458121	35.92
1458247	36.08
1458462	34.65
1458594	34.25
1458854	32.04
1458934	32.39
1459170	36.02
1459275	35.97
1459481	36.21
1459633	35.39
1459783	36.02
1459981	36.55
1460166	32.32
1460329	32.27
1460520	33.57
1460669	33.96
1460837	35.97
1461012	35.86
1461133	37.06
1461359	36.76
1461511	32.55
1461699	33
1461870	33.78
1462039	33.78
1462194	35.56
1462356	36.76
1462511	37.16
1462705	35.46
1462885	32.63
1463104	30.55
1463226	32.07
1463447	34.45
1463549	35.41
1463765	36.76
1463881	36.32
1464112	34.77
1464251	32.9
1464483	31.84
1464585	33.61
1464824	34.96
1464909	35.45
1465154	36.03
1465235	35.97
1465501	35.15
1465602	33.07
1465822	34.34
1465971	34.26
1466163	33.29
1466297	35.39
1466518	34.66
1466604	35.84
1466866	36.23
1466969	33.11
1467182	34.78
1467364	33.52
1467521	32.25
1467690	35.45
1467845	36.31
1468018	36.2
1468192	34.89
1468382	33.15
1468555	32.45
1468727	33.3
1468896	34.4
1469049	35.68
1469226	36.2
1469370	36.14
1469575	35.22
1469733	33.15
1469903	34.19
1470093	34.32
1470243	33.69
1470413	35.79
1470555	37.41
1470751	36.37
1470901	34.4
1471113	33.25
1471219	34.85
1471463	35.41
1471559	34.1
1471779	35.91
1471910	35.42
1472092	35.6
1472258	35.79
1472453	33.29
1472619	32.63
1472814	32.63
1472957	33.74
1473131	36.01
1473238	39.62
1473465	38.67
1473582	34.71
1473826	33.44
1473917	33.95
1474184	33.99
1474256	33.78
1474494	36.38
1474575	37.53
1474794	38.22
1474920	36.77
1475157	33.26
1475263	33.36
1475500	34.35
1475602	34.55
1475806	36.69
1475940	36.74
1476119	36.25
1476286	35.84
1476486	33.07
1476620	33.74
1476839	34.38
1476957	34.22
1477134	37.57
1477273	38.74
1477407	40.28
1477617	38.65
1477776	33.08
1477967	32.84
1478167	31.9
1478308	32.34
1478453	37.87
1478662	37.24
1478676	43.05
1479007	43.54
1479044	33.13
1479357	32.84
1479398	33.47
1479695	34.07
1479697	37.13
1480017	35.84
1480031	35.94
1480375	35.53
1480386	33.09
1480685	36.89
1480711	37.3
1480978	37.57
1481049	37.46
1481263	38.17
1481404	37.33
1481626	32.82
1481749	33.35
1481960	34.76
1482093	34.76
1482260	36.76
1482430	37.11
1482539	38.67
1482768	38.62
1482898	33.79
1483112	33.49
1483239	34.45
1483449	34.8
1483545	36.73
1483785	36.78
1483846	37.1
1484100	38.27
1484202	35.25
1484446	33.62
1484525	35.31
1484834	36.2
1484841	34
1485149	33.57
1485181	36.02
1485495	37.52
1485501	35.51
1485819	37.34
1485839	35.65
1486129	36.13
1486207	35.01
1486441	34.89
1486545	36.31
1486791	34.26
1486872	34.84
1487146	34.61
1487216	33.77
1487458	36.05
1487535	37.29
1487751	38.51
1487873	37.53
1488101	34.26
1488227	33.47
1488482	32.14
1488572	32.62
1488795	35.94
1488887	37.46
1489111	37.22
1489224	36.06
1489461	34.31
1489545	35.24
1489795	36.1
1489891	34.71
1490105	36.03
1490251	35.36
1490415	35.36
1490591	36.33
1490767	34.06
1490921	34.58
1491116	34.78
1491268	33.9
1491427	35.92
1491597	36.84
1491756	35.86
1491936	35.33
1492107	34.16
1492246	35.78
1492447	36.28
1492593	34.3
1492756	36.15
1492911	37.65
1493060	37.96
1493251	36.77
1493412	34.01
1493602	33.47
1493769	33.28
1493950	33.43
1494077	36.05
1494312	35.44
1494405	34.28
1494651	35.39
1494761	34.02
1494932	37.48
1495113	37.67
1495279	33.81
1495418	36.34
1495617	36.74
1495715	37.33
1495957	37.17
1496074	33.64
1496276	34.83
1496413	35.84
1496624	34.3
1496715	36.5
1496970	36.64
1497027	35.95
1497311	36.1
1497393	33.36
1497653	33.36
1497743	34.05
1498000	33.81
1498037	37.01
1498310	38.63
1498338	39.08
1498677	33.48
1498680	33.27
1498998	34.63
1499070	33.57
1499346	31.92
1499357	37.45
1499579	43.46
1499700	43.22
1499952	32.52
1500044	32.96
1500307	33.72
1500402	33.09
1500607	36.13
1500750	36.56
1500931	35.16
1501102	34.97
1501303	32.53
1501444	33.07
1501603	36.91
1501783	37.06
1501898	37.4
1502129	36.99
1502186	37.48
1502467	37.88
1502553	33.48
1502808	33.32
1502890	34.75
1503167	33.89
1503195	35.72
1503477	37.37
1503514	37.99
1503839	33.3
1503860	33.25
1504184	34.05
1504199	34.45
1504494	36.38
1504539	36.38
1504799	36.69
1504884	36.39
1505158	33.53
1505221	33.93
1505486	35.38
1505558	35.44
1505798	36.41
1505872	37.58
1506117	37.17
1506218	35.49
1506475	33.48
1506612	31.4
1506798	33.24
1506951	35.72
1507112	36.19
1507264	37.58
1507428	37.4
1507608	35.66
1507784	33.62
1507973	32.68
1508143	32.55
1508309	33.94
1508460	36.11
1508635	36.65
1508758	37.84
1508976	37.04
1509113	33.87
1509292	35.29
1509499	33.96
1509628	32.79
1509818	36.05
1509976	35.45
1510139	35.28
1510317	35.62
1510494	33.91
1510628	35.58
1510832	36.37
1510961	35.17
1511148	36.44
1511276	37.34
1511462	37.46
1511617	36.09
1511818	33.82
1511971	33.19
1512171	33.33
1512304	34.43
1512486	36.44
1512626	36.99
1512819	36.04
1512965	35.17
1513175	33.93
1513285	34.91
1513519	35.58
1513616	34.97
1513831	36.74
1513919	38.45
1514138	38.69
1514256	36.72
1514495	34.08
1514566	35.55
1514853	35.46
1514898	34.25
1515164	36.74
1515239	36.16
1515495	35.02
1515577	35.28
1515853	33.98
1515929	33.19
1516207	33.28
1516258	34.5
1516514	37.15
1516530	40.99
1516811	41.57
1516867	37.31
1517172	33.8
1517194	34.33
1517513	35.29
1517524	35.07
1517815	37.3
1517834	38.51
1518127	37.88
1518172	36.36
1518493	33.57
1518505	33.73
1518838	33.84
1518844	34.52
1519137	37.92
1519168	37.97
1519409	39.45
1519505	39.14
1519778	33.49
1519832	34.02
1520163	33.8
1520167	32.94
1520453	38.39
1520470	39.78
1520675	45.72
1520808	44.01
1521044	33.49
1521149	33.23
1521397	33.96
1521483	34.42
1521696	37.39
1521830	36.68
1522016	35.33
1522166	35.88
1522385	33.54
1522509	33.23
1522683	36.99
1522839	37.67
1522976	38.01
1523167	38.01
1523262	38.57
1523504	38.15
1523626	33.71
1523832	34.19
1523960	35.54
1524162	35.43
1524260	37.48
1524509	36.61
1524539	38.16
1524845	38.72
1524897	33.99
1525182	33.99
1525239	34.75
1525510	35.13
1525546	37.15
1525840	37.1
1525846	37.42
1526175	37.15
1526201	34.18
1526503	34.55
1526525	36.14
1526831	36.14
1526834	37.08
1527137	38.44
1527149	38.01
1527472	36.23
1527502	34.17
1527820	36.05
1527856	33.86
1528131	34.28
1528185	36.84
1528443	36.78
1528491	38.19
1528795	36.05
1528825	34.32
1529151	34.13
1529181	33.14
1529463	35.47
1529508	36.84
1529758	37.99
1529826	38.56
1530110	35.26
1530159	34.48
1530468	35.74
1530492	34.38
1530794	33.45
1530807	36.83
1531125	36.65
1531135	35.91
1531467	36.32
1531478	34.38
1531771	36.02
1531813	37.01
1532097	35.71
1532126	36.89
1532405	37.94
1532438	38
1532740	36.52
1532792	34.32
1533085	33.76
1533144	33.81
1533411	34.8
1533457	36.83
1533727	37.4
1533789	36.38
1534059	35.54
1534145	34.39
1534373	35.29
1534489	35.77
1534697	35.31
1534800	37.18
1534993	38.77
1535109	38.96
1535323	37.03
1535466	34.4
1535627	35.88
1535827	35.74
1535951	34.54
1536140	37
1536286	36.46
1536471	35.38
1536618	35.48
1536831	34.1
1536963	33.49
1537190	33.58
1537286	34.69
1537498	37.36
1537553	41.27
1537799	41.71
1537882	37.42
1538164	33.99
1538204	34.49
1538509	35.47
1538528	35.3
1538815	37.37
1538832	38.56
1539133	37.96
1539163	36.38
1539492	36.49
1539504	33.78
1539818	33.95
1539860	34.66
1540143	34.72
1540160	37.76
1540437	39.39
1540474	39.12
1540796	39.5
1540811	33.99
1541122	33.82
1541209	32.83
1541425	34.27
1541502	39.68
1541729	45.45
1541757	43.69
1542094	43.43
1542106	33.06
1542424	33.43
1542468	34.12
1542767	33.5
1542774	36.47
1543100	36.94
1543103	35.65
1543437	35.44
1543482	33.06
1543763	33.65
1543787	37.32
1544090	37.57
1544383	38.1
1544422	37.78
1544748	38.1
1544757	33.82
1545074	33.82
1545102	35.14
1545411	37.13
1545418	36.24
1545700	37.56
1545750	38.12
1546071	33.66
1546085	33.56
1546411	33.99
1546424	34.8
1546738	34.8
1546741	36.59
1547053	36.95
1547071	36.52
1547397	36.95
1547420	34.12
1547722	34.17
1547756	35.66
1548028	36.84
1548077	37.72
1548363	35.99
1548404	35.65
1548745	33.53
1548770	31.55
1549072	34.05
1549100	35.75
1549377	37.11
1549422	37.66
1549710	36.09
1549747	35.87
1550065	34.67
1550111	32.73
1550391	34.25
1550479	34.03
1550707	34.6
1550803	36.82
1551040	35.92
1551109	36.99
1551348	38.31
1551474	35.2
1551675	34.15
1551869	32.93
1552014	32.29
1552196	35.39
1552347	35.7
1552526	35.54
1552653	37.16
1552891	35.45
1552977	34.32
1553237	35.25
1553286	36.14
1553561	37.24
1553621	35.82
1553883	35.93
1553968	35.27
1554249	33.11
1554296	34.15
1554611	34.33
1554613	34.96
1554934	36.88
1554945	35.93
1555261	36.88
1555276	35.91
1555587	35.34
1555642	34.12
1555886	35.75
1555994	36.43
1556218	34.53
1556315	36.2
1556523	37.66
1556631	37.95
1556851	36.66
1556997	34.01
1557187	33.58
1557363	33.63
1557522	33.73
1557685	35.99
1557870	35.28
1558023	34.35
1558194	35.61
1558389	34.23
1558463	38.03
1558753	38.16
1558795	33.87
1559069	36.33
1559119	36.82
1559373	37.56
1559443	37.56
1559744	34.06
1559751	35.06
1560082	33.67
1560093	34.67
1560403	36.8
1560413	36.8
1560724	36.15
1560741	36.31
1561067	36.42
1561099	33.78
1561399	33.5
1561458	34.25
1561722	34.69
1561759	37.87
1562039	39.35
1562048	39.24
1562351	40.62
1562414	35.17
1562683	33.36
1562814	32.45
1563022	32.14
1563107	37.41
1563334	43.33
1563350	43.91
1563692	43.22
1563711	32.9
1564024	33.31
1564073	33.96
1564361	33.75
1564379	36.79
1564688	37.33
1564706	36.08
1565013	36.19
1565083	33.79
1565346	33.41
1565388	37.06
1565671	37.44
1565687	37.89
1565977	38.37
1565997	38.37
1566340	37.42
1566349	33.05
1566673	33.57
1566689	35.07
1566994	36.94
1567006	36.94
1567280	38.36
1567332	38.74
1567644	34.25
1567661	34.09
1567990	34.88
1567994	34.72
1568302	36.62
1568320	36.95
1568608	37.38
1568645	37.44
1568950	38.56
1568968	35.61
1569286	33.95
1569296	35.6
1569609	36.4
1569669	34.16
1569927	33.86
1569996	36.59
1570285	34.57
1570302	35.81
1570606	37.66
1570635	35.99
1570920	36.4
1570991	35.31
1571234	35.31
1571318	36.77
1571589	34.65
1571636	35.16
1571946	35.02
1571969	34.24
1572259	36.56
1572278	37.88
1572556	38.96
1572605	37.97
1572909	34.8
1572947	33.96
1573280	34.42
1573290	33.11
1573587	34.67
1573606	37.89
1573912	36.77
1573924	36.71
1574222	37.52
1574276	35.67
1574557	34.32
1574610	35.22
1574904	34.61
1574922	35.86
1575233	36.91
1575551	37.58
1575583	35.36
1575884	34.42
1575933	34.47
1576201	35.47
1576243	37.64
1576527	37.13
1576570	36.14
1576827	37.71
1576922	36.43
1577160	34.42
1577261	35.07
1577468	36.56
1577568	38.44
1577795	37.26
1577870	37.52
1578133	36.98
1578222	34.21
1578469	34.32
1578573	34.37
1578817	33.71
1578879	36.11
1579143	37.26
1579204	36.19
1579414	39.94
1579554	38.65
1579749	34.41
1579902	34.56
1580073	35.16
1580203	37.75
1580400	37.64
1580495	38.17
1580708	39.23
1580847	35.86
1581043	34.37
1581181	35.33
1581374	35.43
1581478	37.58
1581705	37.68
1581782	37.23
1582032	37.45
1582140	34.52
1582366	34.09
1582483	34.86
1582690	35.4
1582769	38.78
1583018	38.55
1583034	40.27
1583324	41.63
1583392	35.72
1583657	34.04
1583773	33.14
1583997	32.83
1584051	38.59
1584266	44.72
1584327	45.3
1584627	34.22
1584669	33.49
1584969	34.4
1585003	34.91
1585260	37.93
1585341	37.72
1585571	36.42
1585668	37.01
1585931	34.48
1585993	34.59
1586219	38.7
1586325	38.27
1586504	38.41
1586649	38.85
1586782	39.45
1586976	39.28
1587133	34.84
1587320	33.95
1587456	35.36
1587652	36.03
1587748	38.04
1587985	37.93
1588018	39.51
1588309	40
1588364	35.25
1588636	35.09
1588694	35.81
1588967	35.59
1588991	37.63
1589280	38.18
1589292	38.51
1589615	38.68
1589623	35.47
1589919	36.61
1589938	38.2
1590235	39.27
1590253	37.47
1590538	37.08
1590633	34.98
1590879	32.87
1590959	35.39
1591186	37.26
1591261	38.63
1591485	39.21
1591594	37.51
1591785	37.38
1591947	36.37
1592124	34.11
1592273	35.5
1592465	35.35
1592588	35.98
1592765	38.46
1592918	37.5
1593048	38.61
1593226	40
1593385	36.67
1593551	35.66
1593750	34.32
1593889	33.62
1594052	37.05
1594221	37.31
1594357	37.12
1594524	38.82
1594693	36.97
1594847	35.77
1595013	36.64
1595156	37.53
1595312	38.83
1595488	37.44
1595610	37.51
1595835	36.79
1595948	34.5
1596161	35.55
1596283	35.65
1596476	36.22
1596582	38.34
1596808	37.44
1596897	36.5
1597123	37.52
1597235	36.24
1597448	35.66
1597563	36.19
1597746	37.78
1597858	39.67
1598077	37.75
1598150	38.09
1598383	39.49
1598489	36.68
1598708	35.55
1598830	35.45
1599044	34.91
1599126	37.48
1599377	37.54
1599440	36.46
1599723	35.84
1599781	34.35
1600047	35.51
1600119	35.61
1600316	39.33
1600410	42.07
1600648	37.92
1600695	38.48
1600971	39.03
1601038	35.42
1601296	35.25
1601364	36.19
1601601	37.38
1601653	39.7
1601934	38.12
1601952	37.44
1602263	37.6
1602301	34.78
1602590	34.89
1602637	35.6
1602915	35.76
1602920	38.92
1603180	40.84
1603247	40.34
1603532	34.42
1603570	34.97
1603896	34.8
1603908	33.74
1604183	39.49
1604199	40.86
1604395	47.23
1604532	45.53
1604751	34.29
1604869	34.03
1605095	34.65
1605198	35.02
1605380	38.52
1605540	37.89
1605690	36.23
1605872	36.8
1606048	34.3
1606208	34.03
1606336	37.98
1606534	38.58
1606619	38.87
1606857	38.98
1606896	39.58
1607188	39.19
1607248	34.63
1607512	35.02
1607572	36.42
1607837	36.31
1607864	38.37
1608135	39.78
1608180	38.83
1608483	34.1
1608511	34.72
1608815	35.59
1608842	35.65
1609114	37.55
1609165	37.94
1609408	38.34
1609490	38.23
1609753	35.15
1609821	34.87
1610069	36.55
1610144	36.94
1610371	37.81
1610466	37.86
1610678	37.42
1610766	38.76
1611023	36.76
1611098	34.92
1611334	36.74
1611475	34.57
1611638	35.07
1611798	37.68
1611942	37.55
1612099	38.95
1612286	36.76
1612428	35.08
1612633	34.93
1612778	33.81
1612938	36.14
1613100	37.55
1613226	38.69
1613413	39.27
1613569	36.04
1613740	35.24
1613942	33.81
1614045	35.17
1614248	38.63
1614366	37.54
1614560	37.23
1614701	36.52
1614902	34.76
1615027	35.24
1615228	36.14
1615328	37.64
1615533	38.95
1615648	37.84
1615837	37.91
1615951	38.82
1616181	36.45
1616279	35.03
1616523	35.23
1616619	34.6
1616828	36.7
1616940	37.78
1617149	36.7
1617250	37.29
1617493	36.13
1617577	35.19
1617827	35.76
1617886	36.75
1618129	38.63
1618203	38.21
1618425	38.54
1618496	40
1618771	37.13
1618821	35.15
1619119	35.1
1619121	36.68
1619420	39.34
1619439	38.1
1619739	36.93
1619770	36.32
1620087	34.83
1620096	35.04
1620431	35.14
1620436	34.4
1620727	37.23
1620754	38.42
1621017	42.87
1621342	38.51
1621365	35
1621661	35.4
1621697	36.32
1621979	36.26
1621990	38.5
1622278	39.74
1622293	39.14
1622604	37.51
1622648	34.71
1622928	34.82
1622989	35.45
1623250	35.62
1623274	39.02
1623538	40.66
1623569	40.78
1623893	35.06
1623897	34.55
1624213	35.23
1624273	34.14
1624533	33.91
1624551	39.67
1624766	45.93
1624831	47.29
1625124	36.17
1625158	34.42
1625469	35.14
1625491	34.87
1625758	38.12
1625814	38.62
1626069	37.18
1626151	36.42
1626428	33.89
1626478	34.42
1626719	38.33
1626810	38.11
1627003	38.54
1627130	39.09
1627280	39.62
1627449	39.79
1627633	35.26
1627776	34.69
1627958	36.08
1628095	36.59
1628250	38.71
1628415	38.65
1628522	40.06
1628753	39.14
1628870	34.41
1629079	34.94
1629201	35.86
1629407	35.81
1629500	37.73
1629727	38.23
1629793	38.64
1630048	38.52
1630137	35.42
1630374	35.14
1630453	36.77
1630694	37.17
1630754	38.1
1631013	38.04
1631059	37.72
1631311	39.08
1631403	36.89
1631639	35.08
1631712	37.02
1632015	35.21
1632318	35.15
1632335	37.85
1632634	39.21
1632660	36.99
1632961	35.24
1633007	35.04
1633309	33.95
1633311	36.37
1633596	37.6
1633628	39.13
1633939	36.23
1634264	35.35
1634310	33.96
1634567	35.28
1634616	38.75
1634886	37.78
1634925	37.53
1635221	36.7
1635268	34.86
1635546	35.4
1635593	36.36
1635844	37.95
1635898	39.14
1636163	37.84
1636200	37.91
1636467	38.82
1636545	36.5
1636794	35.14
1636887	35.29
1637134	34.6
1637191	36.64
1637453	37.78
1637514	36.76
1637765	37.23
1637859	35.96
1638091	35.09
1638193	35.71
1638400	36.64
1638496	38.44
1638718	37.96
1638795	38.22
1639010	39.87
1639143	37.15
1639335	35.1
1639492	35
1639634	36.58
1639796	39.14
1639955	37.85
1640117	36.76
1640284	36.31
1640466	34.84
1640611	34.84
1640814	34.89
1640951	34.25
1641113	37.03
1641270	38.22
1641405	38.7
1641532	42.66
1641759	39.17
1641859	34.76
1642093	35.71
1642176	36.28
1642390	38.54
1642495	38.31
1642697	37.53
1642795	38.76
1643056	36.04
1643120	34.53
1643401	35.25
1643445	35.25
1643690	38.58
1643767	38.8
1643957	40.41
1644087	40.41
1644320	34.62
1644414	34.29
1644705	33.31
1644731	33.94
1644986	39.6
1645052	39.31
1645205	45.25
1645350	46.66
1645571	35.91
1645678	34.1
1645919	34.89
1646011	34.67
1646213	37.78
1646336	38.16
1646530	36.71
1646675	35.96
1646896	33.47
1647002	34.05
1647191	37.93
1647335	37.66
1647481	38
1647656	38.66
1647765	39.16
1647977	39.22
1648124	34.77
1648305	34.27
1648455	35.75
1648625	36.26
1648753	38.17
1648948	38
1649031	39.5
1649286	38.69
1649385	34.02
1649615	34.5
1649725	35.23
1649944	35.28
1650030	37.27
1650264	37.72
1650329	38.11
1650587	37.99
1650682	34.98
1650914	34.65
1651004	36.25
1651235	36.7
1651311	37.66
1651556	37.6
1651624	37.23
1651855	38.58
1651976	36.48
1652184	34.69
1652293	36.54
1652561	34.27
1652601	34.69
1652883	37.36
1652912	37.23
1653183	38.64
1653262	36.53
1653509	34.9
1653615	34.76
1653858	33.57
1653925	35.88
1654180	37.29
1654219	38.4
1654490	39.11
1654568	35.88
1654816	34.95
1654947	33.65
1655119	35.02
1655260	38.32
1655439	37.29
1655575	37.17
1655774	36.4
1655923	34.56
1656101	35
1656255	35.81
1656401	37.44
1656565	38.76
1656720	37.53
1656873	37.59
1657024	38.5
1657223	36.21
1657353	34.79
1657570	34.93
1657694	34.3
1657879	36.45
1658015	37.42
1658205	36.36
1658327	36.95
1658556	35.71
1658655	34.79
1658894	35.39
1658964	36.49
1659200	38.38
1659286	37.66
1659502	37.79
1659578	39.54
1659852	36.93
1659905	34.84
1660204	34.75
1660207	36.24
1660510	38.75
1660527	37.66
1660835	36.53
1660858	35.92
1661186	34.58
1661188	34.69
1661530	34.06
1661534	34.2
1661835	36.84
1661848	38.04
1662113	41.8
1662127	42.47
1662440	38.26
1662482	34.65
1662758	35.22
1662818	36.11
1663077	35.94
1663114	38.31
1663379	39.41
1663422	38.69
1663706	37.2
1663781	34.42
1664030	34.59
1664125	35.3
1664352	35.42
1664414	38.68
1664673	38.79
1664681	40.47
1665000	40.13
1665042	34.39
1665316	34.9
1665425	34
1665638	33.77
1665706	39.31
1665924	45.5
1665936	46.98
1666262	45.21
1666287	34.34
1666595	33.96
1666634	34.66
1666918	35.27
1666928	38.4
1667242	37.11
1667255	36.3
1667582	36.83
1667605	34.29
1667897	38.19
1667913	37.92
1668185	38.2
1668234	38.8
1668466	39.31
1668555	39.31
1668822	34.94
1668883	34.61
1669150	35.92
1669203	36.31
1669445	38.38
1669525	38.32
1669719	39.85
1669863	38.93
1670070	34.21
1670190	34.74
1670406	35.49
1670518	35.49
1670706	37.59
1670841	37.93
1671001	38.33
1671163	38.27
1671349	35.16
1671491	34.94
1671667	36.6
1671813	36.88
1671969	37.8
1672134	37.86
1672277	37.41
1672435	38.63
1672623	36.59
1672765	34.87
1672935	36.79
1673143	34.52
1673238	34.96
1673466	37.61
1673543	37.55
1673767	38.88
1673887	36.74
1674096	35.08
1674233	34.88
1674447	33.76
1674537	36.22
1674769	37.73
1674825	38.82
1675082	39.34
1675166	36.14
1675410	35.28
1675537	33.79
1675715	35.21
1675842	38.75
1676037	37.67
1676149	37.42
1676372	36.71
1676490	34.86
1676700	35.23
1676815	36.08
1677001	37.69
1677118	39.07
1677323	37.86
1677419	37.99
1677626	39.01
1677761	36.65
1677956	35.12
1678100	35.23
1678300	34.55
1678401	36.74
1678622	37.81
1678719	36.7
1678934	37.35
1679060	36.15
1679263	35.23
1679390	35.86
1679575	36.78
1679687	38.65
1679894	38.23
1679980	38.57
1680190	40.07
1680321	37.24
1680518	35.29
1680664	35.19
1680820	36.68
1680962	39.27
1681141	38.06
1681277	36.99
1681473	36.44
1681618	35.02
1681803	35.12
1681956	35.28
1682145	34.65
1682248	37.47
1682465	38.65
1682532	39.08
1682730	42.9
1682875	39.45
1683058	35.18
1683200	36.08
1683376	36.71
1683489	39.04
1683697	38.8
1683786	38.12
1683999	39.27
1684133	36.48
1684327	34.99
1684468	35.65
1684652	35.82
1684747	39.22
1684973	39.39
1685006	41.18
1685294	41.24
1685355	35.29
1685622	34.89
1685726	33.89
1685939	34.4
1685998	40.18
1686209	46.57
1686260	46.46
1686558	47.82
1686560	36.6
1686885	34.9
1686897	35.55
1687180	38.88
1687217	38.56
1687484	37.12
1687540	37.61
1687835	35.02
1687875	34.42
1688119	38.38
1688202	38.81
1688397	39.26
1688531	39.09
1688669	39.56
1688852	40.06
1689015	35.48
1689170	35.6
1689332	37.16
1689496	36.71
1689618	38.67
1689815	39.06
1689883	40.61
1690134	40.61
1690224	35.74
1690471	34.81
1690548	35.71
1690796	36.31
1690840	38.3
1691121	38.35
1691126	38.78
1691438	39.18
1691464	36.01
1691758	35.84
1691773	37.53
1692067	38.38
1692082	38.15
1692366	37.95
1692400	38.35
1692703	36.06
1692716	36.12
1693006	38.08
1693013	39.34
1693301	39.87
1693338	38.15
1693597	38.08
1693710	35.73
1693932	33.42
1694028	36.17
1694270	36.01
1694324	37.33
1694568	39.73
1694646	38.13
1694847	39.41
1694993	38.14
1695182	34.66
1695310	36.22
1695546	34.76
1695618	35.37
1695845	38.89
1695941	37.94
1696147	37.81
1696241	39.2
1696482	37.22
1696558	36.22
1696800	37.22
1696888	36.43
1697096	37.75
1697212	38.14
1697393	38.07
1697508	39.67
1697729	37.36
1697825	36.17
1698063	36.33
1698126	37.26
1698360	39.4
1698450	38.01
1698675	36.94
1698789	36.14
1699012	34.91
1699106	36.05
1699338	36.65
1699415	37.25
1699633	39.09
1699739	38.2
1699925	38.41
1700047	39.3
1700264	36.5
1700363	36.02
1700606	35.91
1700655	37.52
1700902	40.08
1700978	38.07
1701216	37
1701275	38.59
1701557	37.16
1701594	35.85
1701896	35.95
1701922	35.44
1702189	38.19
1702247	38.3
1702472	38.94
1702584	38.35
1702818	34.56
1702901	35.67
1703144	36.71
1703162	40.64
1703434	42.88
1703486	38.55
1703734	37.87
1703802	38.33
1704085	35.48
1704118	35.36
1704416	36.62
1704422	37.31
1704706	40.65
1704740	39.05
1704968	40.72
1705062	40.78
1705322	34.93
1705382	35.11
1705699	34.15
1705976	39.79
1706023	39.45
1706190	45.71
1706338	46.23
1706547	35.25
1706658	35.01
1706890	35.59
1706953	37.02
1707178	40.35
1707277	38.63
1707489	37.12
1707608	36.79
1707847	34.35
1707928	34.91
1708138	38.72
1708261	38.05
1708422	38.48
1708587	38.87
1708701	39.31
1708915	39.15
1709054	34.65
1709234	35.15
1709380	36.48
1709551	36.6
1709671	38.82
1709875	38.42
1709944	39.76
1710192	40.22
1710294	35.52
1710511	35.34
1710627	36.1
1710847	35.22
1710928	37.15
1711170	37.81
1711222	38.34
1711494	38.34
1711568	35.26
1711811	35.67
1711886	37.22
1712130	36.99
1712187	37.91
1712453	37.74
1712496	37.36
1712770	37.71
1712841	35.66
1713086	35.77
1713153	37.64
1713381	38.91
1713457	39.28
1713705	37.49
1713763	37.49
1714077	35.19
1714107	32.95
1714394	35.66
1714456	35.51
1714689	36.89
1714762	39.15
1715012	37.42
1715050	38.69
1715356	37.63
1715395	34.3
1715672	35.76
1715768	34.43
1715979	34.98
1716076	38.31
1716299	37.53
1716387	37.35
1716600	38.58
1716731	36.76
1716914	35.82
1717059	36.66
1717243	35.86
1717365	37.22
1717565	37.61
1717668	37.67
1717860	39.34
1718015	36.99
1718174	35.78
1718357	35.93
1718473	36.87
1718663	39.01
1718794	37.66
1718985	36.64
1719129	35.93
1719332	34.66
1719445	35.72
1719665	36.34
1719749	36.95
1719968	38.82
1720070	37.91
1720266	38.17
1720374	39.08
1720612	36.34
1720687	35.84
1720962	35.7
1720975	37.33
1721263	39.96
1721296	37.91
1721584	36.82
1721591	38.38
1721905	37.17
1721931	35.73
1722230	35.1
1722277	35.2
1722553	35.37
1722574	38.13
1722864	38.68
1722888	37.97
1723202	39.2
1723214	35.7
1723461	39.62
1723545	40.54
1723783	36.09
1723840	38.33
1724096	38.86
1724144	38.2
1724412	38.02
1724498	35.28
1724707	36.61
1724839	37.24
1725029	35.57
1725125	38.89
1725349	39
1725390	40.64
1725668	40.75
1725748	35.02
1725984	35.2
1726126	34.24
1726307	33.72
1726404	39.37
1726620	46.09
1726937	45.85
1726979	35.04
1727232	36.49
1727323	37.21
1727555	35.41
1727612	38.55
1727884	38.27
1727924	36.9
1728203	37.41
1728283	34.87
1728537	34.1
1728573	38.07
1728857	38.43
1728860	39.03
1729135	39.48
1729188	39.2
1729487	34.8
1729504	35.42
1729813	36.71
1729820	36.71
1730104	38.95
1730143	38.61
1730375	40.03
1730458	40.38
1730723	35.57
1730775	35.51
1731055	36.38
1731108	35.54
1731353	37.51
1731431	38
1731644	38.55
1731754	38.55
1731989	35.31
1732069	35.77
1732303	37.46
1732386	37.4
1732603	38.28
1732709	37.87
1732909	37.55
1733025	38.01
1733252	35.92
1733339	35.98
1733561	37.76
1733632	39.04
1733863	39.61
1733956	37.75
1734165	37.75
1734325	35.53
1734507	33.24
1734641	35.97
1734851	35.77
1734934	37.18
1735154	39.61
1735256	37.86
1735439	39.02
1735598	37.84
1735780	34.5
1735914	35.97
1736149	34.6
1736220	35.28
1736453	38.69
1736539	37.84
1736761	37.65
1736837	38.95
1737102	37.04
1737151	36.03
1737426	36.94
1737478	36.19
1737727	37.58
1737799	37.98
1738028	37.98
1738092	39.67
1738369	37.33
1738405	36.04
1738702	37.12
1738708	37.28
1739010	39.41
1739022	37.91
1739329	36.93
1739356	36.21
1739669	37.34
1739670	36.09
1739972	36.71
1740001	37.24
1740291	36.26
1740301	38.1
1740594	39.14
1740596	39.54
1740905	38.98
1740939	36.06
1741191	37.72
1741284	37.72
1741509	35.71
1741583	38.35
1741801	39.94
1741901	38.75
1742114	37.46
1742244	36
1742436	35.42
1742587	35.52
1742755	35.69
1742880	38.57
1743087	37.85
1743167	38.34
1743398	39.54
1743514	35.92
1743654	40.08
1743843	41.06
1743971	36.54
1744134	38.82
1744282	39.24
1744435	38.51
1744593	38.45
1744787	35.67
1744886	36.84
1745125	37.58
1745204	36
1745409	39.26
1745519	39.44
1745671	41.27
1745832	41.39
1746026	35.46
1746143	35.58
1746403	34.57
1746461	34.21
1746678	39.92
1746769	40.47
1746892	46.65
1747081	46.41
1747249	35.38
1747371	36.81
1747592	37.54
1747689	35.81
1747880	39.04
1748011	38.75
1748190	37.29
1748324	37.82
1748547	35.32
1748650	34.57
1748836	38.45
1748968	38.96
1749120	39.4
1749291	39.05
1749398	39.5
1749602	40.21
1749748	35.72
1749911	35.85
1750073	37.24
1750229	36.7
1750364	38.77
1750539	39.24
1750636	40.74
1750851	40.68
1750982	35.92
1751178	34.93
1751314	35.75
1751495	36.38
1751612	38.35
1751813	38.35
1751904	38.75
1752122	39.24
1752249	36.14
1752434	35.95
1752564	37.64
1752751	37.34
1752864	38.22
1753061	38.64
1753170	38.31
1753372	38.31
1753514	36.08
1753660	37.46
1753823	39.45
1753979	37.53
1754126	37.91
1754342	35.67
1754429	35.67
1754653	38.38
1754772	36.16
1754942	37.61
1755118	37.41
1755259	35.61
1755421	38.02
1755597	36.87
1755708	37.95
1755908	39.46
1756050	36.21
1756208	36.91
1756421	35.51
1756523	34.58
1756728	37.95
1756817	39.35
1757036	39.23
1757127	38.07
1757378	36.16
1757450	35.46
1757704	36.31
1757765	36.77
1758007	38.2
1758055	39.89
1758310	39.89
1758363	38.63
1758653	36.25
1758658	37.16
1758974	35.82
1758994	36.02
1759298	38.14
1759304	37.24
1759613	38.57
1759618	37.53
1759914	38.04
1759962	36.81
1760229	35.81
1760294	36.38
1760530	37.38
1760595	39.2
1760838	38.63
1760892	38.96
1761122	40.64
1761236	37.81
1761437	35.77
1761583	35.72
1761727	37.34
1761884	39.88
1762038	38.51
1762202	37.41
1762358	36.93
1762548	35.54
1762675	35.66
1762891	35.71
1763005	34.97
1763186	37.89
1763314	39.1
1763474	39.52
1763569	43.55
1763822	40.03
1763885	35.63
1764152	36.6
1764193	37.03
1764444	39.23
1764502	39.17
1764746	38.57
1764794	39.68
1765099	36.86
1765111	35.27
1765425	35.45
1765438	36.19
1765721	39.57
1765737	39.69
1765984	41.28
1766046	41.46
1766338	35.7
1766364	35.16
1766672	35.83
1766716	34.77
1766982	34.58
1766991	40.42
1767205	46.53
1767272	47.91
1767562	36.93
1767588	35.13
1767902	35.86
1767911	35.57
1768190	38.75
1768225	39.21
1768500	37.82
1768551	37.13
1768855	34.62
1768867	35.13
1769142	39.11
1769190	38.82
1769425	39.18
1769502	39.77
1769702	40.22
1769812	40.34
1770050	35.93
1770129	35.57
1770373	36.88
1770439	37.24
1770662	39.38
1770751	39.26
1770931	40.86
1771079	39.94
1771275	35.03
1771398	35.6
1771604	36.43
1771716	36.37
1771899	38.5
1772028	38.92
1772188	39.26
1772341	39.2
1772529	36.04
1772659	35.81
1772840	37.52
1772971	37.82
1773137	38.78
1773282	38.84
1773438	38.58
1773574	39.88
1773777	37.67
1773894	35.84
1774082	37.66
1774261	35.3
1774380	35.88
1774575	38.59
1774679	38.46
1774868	39.87
1775015	37.7
1775187	36
1775355	35.84
1775528	34.65
1775654	36.97
1775842	38.46
1775935	39.8
1776146	40.48
1776271	36.97
1776465	36
1776635	34.69
1776762	36.13
1776934	39.67
1777075	38.59
1777236	38.39
1777402	37.64
1777570	35.71
1777721	36.04
1777889	36.93
1778015	38.63
1778186	39.94
1778327	38.77
1778481	38.91
1778625	39.73
1778818	37.3
1778946	35.88
1779150	36.04
1779282	35.27
1779446	37.48
1779595	38.72
1779759	37.7
1779899	38.19
1780094	36.9
1780220	35.99
1780418	36.59
1780523	37.62
1780711	39.61
1780836	38.99
1781000	39.2
1781124	40.91
1781335	38.11
1781443	35.99
1781671	35.94
1781738	37.57
1781964	40.21
1782053	38.87
1782273	37.7
1782376	37.24
1782608	35.82
1782697	35.93
1782942	36.04
1783031	35.33
1783229	38.16
1783345	39.34
1783508	40.01
1783602	44.02
1783846	40.21
1783921	35.84
1784167	36.82
1784234	37.23
1784450	39.69
1784546	39.69
1784743	38.98
1784840	40.07
1785086	37.19
1785160	35.69
1785414	36.37
1785477	36.43
1785690	39.87
1785791	40.1
1785946	41.77
1786104	41.83
1786291	35.94
1786425	35.53
1786657	34.46
1786735	35.05
1786925	41.06
1787048	40.88
1787132	47.28
1787341	48.63
1787479	37.2
1787659	35.55
1787812	36.16
1787985	35.71
1788092	39.18
1788300	39.81
1788393	38.33
1788629	37.54
1788739	34.93
1788948	35.49
1789021	39.43
1789274	39.09
1789296	39.54
1789564	40.1
1789586	40.86
1789897	40.92
1789905	36.21
1790216	35.74
1790221	37.17
1790504	39.28
1790528	39.69
1790766	41.36
1790841	41.3
1791104	36.25
1791171	35.28
1791427	36.14
1791490	36.82
1791716	38.98
1791808	38.98
1791999	39.26
1792120	39.62
1792334	36.46
1792433	36.4
1792640	38.13
1792751	37.84
1792933	38.7
1793062	39.11
1793229	38.84
1793372	38.9
1793562	36.69
1793663	37.93
1793863	39.81
1793983	38.04
1794157	38.57
1794347	36.29
1794451	36.22
1794660	38.86
1794784	36.56
1794949	38.05
1795119	37.84
1795267	36.05
1795414	38.49
1795606	37.34
1795692	38.56
1795918	40.07
1796024	36.68
1796219	37.37
1796384	35.93
1796535	35
1796680	38.54
1796830	39.87
1796980	39.67
1797142	38.64
1797312	36.63
1797467	35.81
1797629	36.77
1797783	37.28
1797922	38.74
1798074	40.35
1798216	40.35
1798383	39.17
1798549	36.75
1798680	37.59
1798880	37.7
1798997	36.38
1799174	38.62
1799331	37.67
1799487	36.52
1799642	37.82
1799820	36.63
1799945	37.13
1800142	37.73
1800263	36.88
1800436	38.69
1800565	39.54
1800724	39.96
1800877	39.4
1801059	36.46
1801163	38.25
1801396	38.15
1801480	36.06
1801690	38.69
1801774	40.14
1802000	39.04
1802087	37.82
1802336	36.35
1802408	35.88
1802671	35.93
1802730	35.93
1802959	38.8
1803061	38.25
1803239	38.83
1803373	39.98
1803580	36.21
1803631	40.02
1803902	41.04
1803950	36.76
1804189	39.06
1804262	39.54
1804484	38.91
1804574	38.85
1804830	35.9
1804866	37.2
1805162	37.97
1805185	36.26
1805441	39.65
1805502	39.83
1805698	41.47
1805817	41.47
1806047	35.52
1806129	35.76
1806418	34.8
1806449	34.33
1806689	40.06
1806759	40.66
1806900	46.92
1807073	46.68
1807250	35.59
1807364	37.07
1807587	37.72
1807683	36
1807871	39.34
1808008	38.94
1808175	37.44
1808323	38.07
1808526	35.54
1808650	34.74
1808813	38.55
1808969	39.06
1809091	39.58
1809293	39.29
1809363	39.84
1809605	40.54
1809709	35.95
1809916	36.01
1810029	37.35
1810235	36.87
1810316	39.06
1810547	39.48
1810582	40.94
1810860	40.88
1810924	36.04
1811189	35.18
1811250	36.03
1811507	36.59
1811543	38.63
1811826	38.57
1811831	38.99
1812136	39.53
1812170	36.38
1812450	36.14
1812479	37.82
1812768	37.59
1812775	38.42
1813076	38.09
1813078	38.57
1813388	38.57
1813414	36.43
1813678	37.74
1813719	39.69
1813997	37.9
1814015	38.42
1814315	38.22
1814362	35.88
1814651	33.71
1814673	36.47
1814963	37.91
1814991	37.66
1815280	35.91
1815290	38.41
1815571	39.53
1815618	38.26
1815907	34.91
1815929	36.53
1816230	37.17
1816272	35.77
1816545	34.9
1816573	38.33
1816839	39.61
1816876	39.48
1817149	38.5
1817212	36.59
1817473	35.71
1817533	36.59
1817789	37.11
1817830	38.53
1818078	40.15
1818127	40.15
1818387	38.96
1818464	36.6
1818680	37.58
1818800	37.69
1818996	36.22
1819098	38.41
1819326	37.67
1819413	36.66
1819635	37.82
1819751	36.54
1819935	37.11
1820077	37.76
1820251	36.77
1820373	38.54
1820550	39.6
1820664	39.94
1820857	39.49
1821003	36.63
1821139	38.19
1821343	38.19
1821454	36.08
1821639	38.6
1821743	40.35
1821952	39.27
1822052	37.88
1822292	36.39
1822371	35.85
1822630	35.95
1822687	36.13
1822920	39.01
1823016	38.16
1823202	38.74
1823324	40.08
1823546	36.31
1823577	40.5
1823870	41.56
1823892	36.82
1824158	39.09
1824200	39.64
1824456	39.02
1824509	38.9
1824798	40.22
1824803	37.36
1825114	35.62
1825136	36.28
1825416	39.75
1825428	39.93
1825675	41.56
1825739	41.68
1826024	35.82
1826048	35.94
1826365	35.46
1826396	34.42
1826668	40.24
1826672	40.91
1826878	47.3
1826982	47.05
1827229	35.78
1827271	37.24
1827566	37.93
1827587	36.18
1827850	39.51
1827909	39.11
1828154	37.61
1828221	38.19
1828506	35.61
1828546	34.86
1828790	38.94
1828863	39.46
1829068	39.75
1829183	39.46
1829340	40.09
1829493	40.74
1829685	36.03
1829803	36.09
1830003	37.65
1830118	37.22
1830289	39.24
1830428	39.66
1830554	41.38
1830738	41.31
1830894	36.28
1831065	35.34
1831219	36.25
1831381	36.88
1831510	38.87
1831696	38.81
1831795	39.31
1832006	39.73
1832133	36.54
1832316	36.48
1832441	38.06
1832631	37.82
1832735	38.86
1832940	39.17
1833033	38.83
1833248	38.95
1833369	36.72
1833536	37.98
1833671	40.02
1833852	38.15
1833966	38.55
1834214	36.24
1834262	36.24
1834524	39.03
1834596	36.7
1834811	38.23
1834933	38.08
1835126	36.24
1835229	38.66
1835463	37.43
1835508	38.64
1835771	40.24
1835840	36.87
1836070	37.44
1836204	35.93
1836384	34.99
1836501	38.59
1836676	40.01
1836801	39.87
1836984	38.83
1837134	36.81
1837306	36.04
1837452	36.87
1837620	37.28
1837746	38.8
1837909	40.42
1838041	40.35
1838215	39.15
1838376	36.77
1838507	37.83
1838707	38.09
1838821	36.67
1839002	38.79
1839149	37.98
1839314	36.89
1839456	38
1839650	36.71
1839754	37.35
1839972	38.06
1840068	37.05
1840265	38.86
1840365	39.94
1840554	40.22
1840672	39.57
1840890	36.77
1840952	38.7
1841228	38.54
1841265	36.25
1841521	38.86
1841553	40.49
1841831	39.45
1841860	38.13
1842169	36.6
1842177	36.12
1842490	36.36
1842504	36.46
1842793	39.26
1842817	38.45
1843072	39.18
1843123	40.36
1843376	44.4
1843413	40.56
1843689	36.09
1843735	37.11
1843995	37.61
1844021	39.98
1844302	39.86
1844316	39.15
1844590	40.42
1844663	37.48
1844904	35.78
1844993	36.56
1845216	36.68
1845271	40.07
1845526	40.25
1845529	41.89
1845834	41.96
1845877	36.1
1846149	35.68
1846247	34.58
1846455	35.19
1846518	41.13
1846728	47.36
1846765	47.05
1847053	48.5
1847077	37.33
1847370	35.52
1847414	36.12
1847690	35.89
1847696	39.37
1848000	37.72
1848004	38.07
1848331	37.33
1848351	34.8
1848635	38.83
1848650	39.34
1848913	39.71
1848971	39.54
1849185	40.09
1849282	40.68
1849530	36.01
1849592	36.08
1849850	37.47
1849910	36.99
1850135	39.19
1850221	39.61
1850401	41.17
1850534	41.05
1850743	36.09
1850862	35.23
1851069	36.03
1851182	36.53
1851360	38.64
1851501	38.58
1851647	38.93
1851813	39.4
1851986	36.26
1852126	36.2
1852296	37.88
1852445	37.59
1852590	38.49
1852758	38.85
1852890	38.51
1853070	38.58
1853227	36.42
1853362	37.72
1853531	39.62
1853683	37.67
1853827	38.19
1854050	35.99
1854126	35.86
1854365	38.53
1854461	36.34
1854656	37.76
1854800	37.6
1854977	35.84
1855097	38.24
1855317	37.21
1855378	38.41
1855632	39.74
1855713	36.23
1855934	36.97
1856077	35.62
1856253	34.65
1856376	38.17
1856549	39.6
1856678	39.41
1856863	38.26
1857013	36.34
1857190	35.6
1857333	36.48
1857509	36.99
1857629	38.42
1857802	40
1857925	40
1858115	38.72
1858262	36.35
1858413	37.36
1858595	37.47
1858732	36.04
1858892	38.24
1859066	37.47
1859206	36.4
1859381	37.46
1859542	36.23
1859686	36.84
1859868	37.44
1860006	36.59
1860162	38.43
1860310	39.28
1860452	39.7
1860622	39.26
1860790	36.36
1860910	37.93
1861128	37.88
1861229	35.95
1861423	38.49
1861523	40
1861735	38.98
1861836	37.76
1862073	36.25
1862160	35.66
1862410	35.72
1862481	35.77
1862699	38.68
1862814	38.07
1862979	38.65
1863127	39.78
1863321	36.04
1863385	40.14
1863644	41.16
1863704	36.7
1863930	39.06
1864016	39.54
1864227	38.84
1864329	38.72
1864573	35.84
1864623	36.99
1864903	37.87
1864943	36.37
1865183	39.5
1865259	39.62
1865441	41.5
1865573	41.68
1865789	35.69
1865886	35.75
1866159	34.78
1866208	34.31
1866429	40.09
1866517	40.8
1866639	47.11
1866830	46.93
1866988	35.76
1867122	37.12
1867324	37.83
1867441	35.99
1867606	39.22
1867765	38.99
1867909	37.69
1868080	38.2
1868259	35.58
1868409	34.84
1868542	38.77
1868727	39.4
1868819	39.85
1869051	39.45
1869089	40.08
1869364	40.72
1869432	35.94
1869675	36.06
1869750	37.52
1869993	37.11
1870033	39.34
1870297	40.84
1870305	41.19
1870619	41.13
1870636	36.2
1870948	35.23
1870959	36.09
1871248	38.23
1871267	38.91
1871533	39.26
1871585	39.26
1871868	36.11
1871897	36.52
1872175	38.19
1872210	38.07
1872466	38.99
1872528	38.64
1872762	38.37
1872839	38.84
1873097	36.58
1873151	36.58
1873396	38.64
1873442	39.87
1873690	40.28
1873762	38.57
1873983	38.5
1874128	36.17
1874315	33.93
1874442	36.56
1874649	36.34
1874732	37.83
1874943	40.35
1875050	38.63
1875219	39.79
1875391	38.59
1875549	35.17
1875703	36.73
1875909	35.29
1876006	35.91
1876203	39.47
1876323	38.55
1876500	38.42
1876618	39.8
1876830	37.82
1876930	36.73
1877144	37.64
1877255	36.88
1877435	38.44
1877573	38.89
1877727	38.82
1877864	40.48
1878057	38.04
1878175	36.8
1878385	36.96
1878470	37.93
1878677	40.21
1878788	38.82
1878984	37.71
1879119	36.92
1879315	35.65
1879431	36.79
1879633	37.46
1879732	38.03
1879923	39.82
1880050	38.84
1880208	39.26
1880351	40.31
1880538	37.37
1880660	36.86
1880870	36.86
1880945	38.54
1881160	41.12
1881261	39.08
1881465	37.95
1881552	39.42
1881796	38.02
1881863	36.79
1882125	36.9
1882184	36.37
1882409	39.08
1882501	39.31
1882683	40.14
1882832	39.24
1883017	35.38
1883141	36.7
1883334	37.65
1883395	41.77
1883616	44.15
1883713	39.54
1883905	38.96
1884020	39.57
1884244	36.51
1884330	36.33
1884569	37.18
1884621	38.42
1884843	41.74
1884938	40.08
1885095	41.96
1885252	42.13
1885436	35.98
1885564	36.1
1885799	35.11
1885873	35.29
1886064	41.29
1886190	40.81
1886270	47.32
1886498	47.92
1886613	36.31
1886807	36.19
1886943	36.91
1887097	38.23
1887221	41.65
1887412	39.97
1887518	38.53
1887734	38.18
1887862	35.52
1888046	36.05
1888140	39.99
1888370	39.29
1888414	39.76
1888680	40.24
1888687	40.7
1889007	40.47
1889019	35.78
1889318	36.32
1889332	37.76
1889612	39.98
1889626	40.22
1889873	41.76
1889943	41.21
1890208	36.22
1890251	36.71
1890528	37.59
1890561	37.47
1890816	39.53
1890886	38.65
1891097	39.09
1891202	39.6
1891431	36.33
1891517	36.45
1891735	38.2
1891825	38.57
1892024	39.44
1892135	39.31
1892319	39.04
1892450	38.74
1892651	36.44
1892759	36.87
1892950	38.89
1893065	39.02
1893242	39.35
1893352	40.63
1893535	40.7
1893668	38.81
1893864	36.54
1894029	34.22
1894200	33.9
1894339	36.65
1894492	39.24
1894625	40.77
1894769	41.86
1894939	40.08
1895100	36.67
1895275	35.38
1895459	33.94
1895582	35.6
1895755	39.15
1895881	39.73
1896052	39.6
1896194	38.65
1896383	36.62
1896484	38.04
1896698	38.94
1896792	37.89
1896991	39.36
1897112	38.58
1897284	38.58
1897425	38.99
1897616	36.51
1897713	38.14
1897946	38.36
1898019	37.15
1898239	39.35
1898310	40.42
1898550	39.31
1898624	37.76
1898883	36.4
1898952	35.54
1899204	36.25
1899260	37.54
1899496	39.36
1899559	39.87
1899784	40.15
1899873	39.27
1900118	36.46
1900170	37.47
1900455	37.36
1900478	36.72
1900747	39.29
1900759	40.99
1901056	39.95
1901073	37.82
1901361	39.52
1901392	37.98
1901670	36.59
1901728	36.65
1901988	36.11
1902015	39.12
1902295	39.64
1902304	39.81
1902633	39.07
1902634	35.28
1902941	36.45
1902956	37.42
1903193	41.76
1903242	44.14
1903509	39.37
1903537	38.67
1903815	39.15
1903883	36.26
1904123	36.2
1904213	36.92
1904412	38.18
1904493	41.42
1904728	39.68
1904751	41.47
1905042	41.59
1905100	35.69
1905352	35.93
1905470	34.88
1905661	35
1905741	40.86
1905953	47.04
1905977	46.62
1906283	47.1
1906303	35.97
1906592	35.85
1906642	36.49
1906880	37.88
1906926	41.19
1907196	39.38
1907231	37.95
1907518	37.66
1907582	35.13
1907830	35.66
1907869	39.48
1908148	39.92
1908156	39.16
1908422	39.62
1908472	40.2
1908770	35.68
1908793	35.33
1909091	36.7
1909104	37.29
1909378	39.46
1909412	39.65
1909647	41.1
1909729	40.56
1909989	35.81
1910040	36.16
1910318	36.84
1910351	36.84
1910614	38.84
1910678	37.91
1910903	38.47
1910995	39.04
1911244	35.81
1911313	35.81
1911555	37.52
1911623	37.94
1911854	38.77
1911935	38.65
1912157	38.32
1912253	38.02
1912497	35.86
1912562	36.34
1912804	38.31
1912872	38.25
1913103	38.7
1913162	40.01
1913404	39.88
1913481	38.09
1913743	35.9
1913846	33.56
1914085	33.46
1914157	36.21
1914386	38.58
1914446	40.09
1914670	41.12
1914762	39.37
1915008	36.13
1915101	34.8
1915376	33.43
1915412	34.99
1915679	38.45
1915712	39.21
1915983	39.01
1916027	38.07
1916321	39.42
1916322	37.48
1916631	36.38
1916643	37.35
1916943	38.7
1916954	37.94
1917242	37.94
1917270	38.4
1917559	40.01
1917581	37.74
1917868	36.55
1917918	36.6
1918161	37.58
1918217	39.8
1918479	38.22
1918534	37.16
1918809	36.54
1918873	35.28
1919120	36.32
1919201	36.9
1919422	37.53
1919498	39.4
1919739	38.47
1919790	38.81
1920040	39.68
1920130	36.83
1920351	36.33
1920471	36.28
1920637	37.87
1920768	40.43
1920953	38.53
1921082	37.46
1921245	38.86
1921423	37.38
1921558	36.09
1921761	36.25
1921880	35.78
1922053	38.52
1922199	38.58
1922335	39.3
1922532	38.63
1922678	34.92
1922844	36.05
1923004	36.95
1923101	40.99
1923292	43.37
1923422	38.86
1923589	38.24
1923733	38.77
1923937	35.92
1924046	35.86
1924270	36.52
1924339	37.74
1924550	41.22
1924660	39.52
1924809	41.15
1924977	41.33
1925158	35.46
1925293	35.52
1925529	34.56
1925607	34.68
1925800	40.5
1925928	40.14
1926011	46.32
1926239	46.86
1926360	35.82
1926554	35.64
1926697	36.24
1926846	37.65
1926980	41.06
1927167	39.3
1927283	37.85
1927493	37.57
1927634	34.95
1927810	35.41
1927917	39.32
1928140	38.59
1928196	39.04
1928461	39.6
1928466	40.22
1928786	39.94
1928811	35.25
1929101	35.82
1929127	37.28
1929412	39.44
1929413	39.56
1929677	41.13
1929734	40.72
1930015	35.84
1930047	36.25
1930339	37
1930363	36.88
1930628	39.15
1930693	38.3
1930912	38.52
1931014	39.08
1931247	35.99
1931336	35.88
1931554	37.54
1931648	38.13
1931844	39.19
1931964	38.95
1932141	38.54
1932283	38.37
1932474	36.15
1932597	36.51
1932774	38.45
1932910	38.45
1933068	38.86
1933202	40.14
1933361	40.28
1933523	38.58
1933691	36.2
1933889	33.85
1934026	33.63
1934203	36.34
1934320	38.8
1934495	40.21
1934597	41.44
1934814	39.79
1934927	36.43
1935155	35.13
1935285	33.63
1935468	35.23
1935580	38.86
1935771	39.48
1935876	39.34
1936090	38.42
1936206	36.43
1936385	37.87
1936520	38.73
1936697	37.64
1936810	39.12
1937023	38.31
1937102	38.24
1937341	38.7
1937432	36.43
1937633	38.15
1937760	38.26
1937944	37.02
1938051	39.17
1938238	40.21
1938360	39.16
1938558	37.53
1938691	36.2
1938889	35.59
1939010	36.32
1939201	37.4
1939301	39.19
1939503	39.82
1939585	40.25
1939821	39.26
1939916	36.32
1940122	37.37
1940249	37.31
1940431	36.81
1940539	39.45
1940716	41.12
1940845	39.93
1941031	37.83
1941178	36.38
1941322	37.98
1941508	38.09
1941634	36.73
1941794	39.55
1941955	39.08
1942070	39.67
1942271	39.85
1942407	36.11
1942604	35.27
1942724	36.27
1942912	37.65
1943007	40.01
1943169	43.9
1943297	43.25
1943485	38.88
1943639	35.86
1943796	36.23
1943965	37.07
1944108	36.95
1944241	40.22
1944399	41.58
1944494	43.62
1944717	41.9
1944838	35.65
1945034	35.76
1945204	34.73
1945348	34.91
1945471	40.96
1945661	41.02
1945678	47.34
1945981	46.81
1946024	35.42
1946290	36.14
1946356	36.75
1946603	36.51
1946634	40.08
1946896	41.37
1946935	39.74
1947217	37.99
1947281	35.37
1947542	35.15
1947562	39.16
1947835	39.7
1947860	40.1
1948104	40.5
1948191	39.83
1948444	35.12
1948513	35.57
1948759	36.99
1948839	36.77
1949041	39.03
1949154	39.72
1949304	41.24
1949467	41.36
1949640	36.41
1949789	35.82
1949961	36.64
1950104	37.05
1950250	39.08
1950419	39.08
1950533	39.59
1950750	38.68
1950866	35.49
1951073	35.98
1951172	37.61
1951396	37.55
1951463	38.55
1951710	39.07
1951757	38.73
1952027	38.61
1952091	36.33
1952348	36.04
1952390	38.05
1952663	38.4
1952682	38.8
1952975	38.8
1952979	38.8
1953272	40.14
1953306	37.83
1953596	35.98
1953641	35.82
1953934	38.28
1953967	36.02
1954210	37.26
1954283	39.98
1954542	36.44
1954578	37.76
1954899	36.15
1954901	34.76
1955197	38.32
1955244	37.09
1955495	36.89
1955561	38.35
1955825	36.43
1955866	37.16
1956139	38.07
1956188	37.11
1956433	38.39
1956486	39.8
1956725	40.01
1956802	38.94
1957057	36.39
1957131	35.54
1957386	35.75
1957452	36.31
1957680	38.51
1957747	40.07
1957990	38.97
1958061	37.76
1958322	36.5
1958360	37.44
1958643	38.11
1958683	36.64
1958934	38.41
1959019	37.76
1959221	38.18
1959334	39.3
1959554	36.34
1959641	36.82
1959889	36.77
1959962	35.93
1960180	38.59
1960267	39.56
1960488	38.44
1960581	37.88
1960823	36.4
1960869	38.09
1961156	38.14
1961189	36.15
1961442	39.06
1961484	40.5
1961720	41.09
1961800	39.89
1962058	36.13
1962123	35.66
1962378	36.7
1962444	36.82
1962661	39.16
1962780	38.4
1962955	37.69
1963094	38.86
1963297	35.93
1963351	40
1963625	40.79
1963672	36.31
1963902	39.62
1963984	40.15
1964158	41.98
1964298	41.86
1964502	35.83
1964593	37.11
1964869	36.09
1964912	34.52
1965138	40.36
1965231	40.36
1965347	46.79
1965546	47.08
1965693	35.78
1965860	35.84
1966027	36.51
1966180	36.1
1966307	39.37
1966490	39.96
1966609	38.51
1966803	38.32
1966956	35.79
1967096	37.08
1967237	41.07
1967417	39.37
1967513	39.83
1967742	39.54
1967781	40.1
1968057	40.68
1968123	35.92
1968385	35.13
1968440	36.49
1968705	37.05
1968722	39.35
1968985	40.86
1969029	40.58
1969323	35.66
1969343	36.3
1969645	37.11
1969655	37.17
1969935	39.26
1969974	38.85
1970217	39.28
1970287	39.69
1970552	36.46
1970600	36.4
1970858	38.07
1970929	37.1
1971151	38.02
1971249	38.64
1971446	38.43
1971568	38.43
1971780	36.15
1971880	36.63
1972080	38.58
1972194	38.39
1972372	38.86
1972513	38.51
1972667	38.44
1972824	38.98
1972998	36.68
1973136	36.62
1973333	36.52
1973428	37.81
1973627	40.14
1973748	38.38
1973905	39.6
1974115	37.24
1974236	33.9
1974429	36.61
1974595	35.12
1974721	36.54
1974891	40.07
1975040	38.37
1975190	38.23
1975381	37.04
1975520	35.07
1975695	36.56
1975835	37.46
1975998	38.14
1976128	39.61
1976317	38.7
1976419	38.77
1976613	40.08
1976752	37.58
1976926	36.56
1977080	36.83
1977252	36.08
1977373	38.17
1977571	38.63
1977683	37.59
1977863	39.17
1978015	37.79
1978175	36.57
1978336	37.29
1978472	38.31
1978626	40.14
1978792	38.65
1978912	39
1979126	38.29
1979245	35.38
1979439	36.45
1979579	36.4
1979743	37.01
1979871	39.55
1980063	38.64
1980178	37.72
1980365	38.82
1980512	37.21
1980677	36.52
1980844	36.62
1980963	38.41
1981130	41.26
1981281	39.12
1981408	39.71
1981576	41.22
1981745	37.51
1981889	36.3
1982066	37.23
1982211	36.7
1982348	39.18
1982531	39.35
1982642	38.57
1982865	37.74
1982985	34.86
1983176	36.16
1983313	36.84
1983432	41
1983590	44.37
1983750	39.79
1983846	41.62
1984061	42.1
1984191	36.08
1984373	35.95
1984560	34.89
1984666	36.11
1984828	42.08
1984986	40.44
1985038	46.65
1985302	46.88
1985386	35.58
1985616	35.64
1985720	36.4
1985927	36.58
1986002	39.9
1986247	39.37
1986305	37.91
1986555	38.69
1986654	36.07
1986868	35.7
1986938	39.56
1987159	40.98
1987215	41.51
1987477	39.73
1987485	40.28
1987801	40
1987831	35.25
1988116	35.77
1988149	37.22
1988435	39.37
1988442	38.74
1988700	40.21
1988761	40.67
1989042	35.75
1989083	35.46
1989367	36.36
1989396	36.94
1989661	38.92
1989705	39.17
1989948	39.59
1990024	38.99
1990287	35.84
1990335	36.32
1990597	37.94
1990647	37.88
1990894	38.78
1990974	37.91
1991194	37.65
1991293	38.16
1991533	35.85
1991609	35.91
1991837	37.96
1991920	38.32
1992135	38.71
1992233	38.65
1992434	38.58
1992549	38.28
1992772	36.06
1992859	36.48
1993113	36.23
1993169	36.29
1993412	38.76
1993458	40.15
1993695	41.34
1993775	39.47
1994033	36.06
1994139	33.66
1994400	32.28
1994451	35.03
1994702	38.45
1994739	39.89
1995006	39.7
1995055	37.95
1995344	36.07
1995392	34.91
1995666	35.83
1995704	37.23
1995966	38.51
1996004	39.34
1996265	39.4
1996319	38.34
1996605	36.02
1996613	37.41
1996921	36.5
1996942	36.6
1997241	38.76
1997246	37.82
1997559	36.76
1997560	37.28
1997849	38.96
1997898	37.71
1998158	36.45
1998228	36.97
1998452	37.89
1998526	39.8
1998770	38.35
1998821	38.62
1999101	37.89
1999162	35.17
1999412	36.27
1999507	35.96
1999714	36.59
1999806	39.27
