665531 0.00
666575 0.00
667618 0.00
668662 0.00
669704 0.00
670747 0.00
671791 0.00
672834 0.00
673878 0.00
674920 0.00
675964 0.00
677009 0.00
678053 0.00
679095 0.00
680138 0.00
681183 0.00
682228 0.00
683272 0.00
684315 0.00
685359 0.00
686402 0.00
687446 0.00
688488 0.00
689531 0.00
690575 0.00
691618 0.00
692662 0.00
693704 0.00
694747 0.00
695791 0.00
696833 0.00
697876 0.00
698920 0.00
699964 0.00
701008 0.00
702053 0.00
703097 0.00
704139 0.00
705182 0.00
706226 0.00
707269 0.00
708313 0.00
709355 0.00
710397 0.00
711439 0.00
712482 0.00
713527 0.00
714572 0.00
715616 0.00
716659 0.00
717703 0.00
718746 0.00
719791 0.00
720836 0.00
721878 0.00
722921 0.00
723963 0.00
725009 0.00
726053 0.00
727095 0.00
728138 0.00
729182 0.00
730224 0.00
731267 0.00
732311 0.00
733353 0.00
734396 0.00
735440 0.00
736485 0.00
737529 0.00
738571 0.00
739614 0.00
740658 0.00
741701 0.00
742746 0.00
743790 0.00
744835 0.00
745879 0.00
746922 0.00
747966 0.00
749010 0.00
750054 0.00
751097 0.00
752141 0.00
753184 0.00
754229 0.00
755273 0.00
756315 0.00
757357 0.00
758400 0.00
759445 0.00
760489 0.00
761531 0.00
762573 0.00
763616 0.00
764660 0.00
765705 0.00
766749 0.00
767791 0.00
768834 0.00
769879 0.00
770924 0.00
771968 0.00
773012 0.00
774056 0.00
775101 0.00
776145 0.00
777190 0.00
778234 0.00
779279 0.00
780321 0.00
781366 0.00
782410 0.00
783455 0.00
784499 0.00
785542 0.00
786586 0.00
787629 0.00
788673 0.00
789715 0.00
790757 0.00
791800 0.00
792845 0.00
793889 0.00
794934 0.00
795978 0.00
797022 0.00
798066 0.00
799111 0.00
800156 0.00
801198 0.00
802240 0.00
803283 0.00
804327 0.00
805370 0.00
806414 0.00
807459 0.00
808503 0.00
809546 0.00
810591 0.00
811636 0.00
812680 0.00
813725 0.00
814769 0.00
815814 0.00
816859 0.00
817903 0.00
818946 0.00
819988 0.00
821032 0.00
822076 0.00
823119 0.00
824163 0.00
825208 0.00
826253 0.00
827298 0.00
828342 0.00
829387 0.00
830431 0.00
831473 0.00
832516 0.00
833560 0.00
834603 0.00
835648 0.00
836692 0.00
837737 0.00
838781 0.00
839823 0.00
840866 0.00
841910 0.00
842953 0.00
843997 0.00
845041 0.00
846085 0.00
847128 0.00
848173 0.00
849218 0.00
850262 0.00
851307 0.00
852352 0.00
853396 0.00
854441 0.00
855486 0.00
856530 0.00
857573 0.00
858618 0.00
859662 0.00
860704 0.00
861747 0.00
862791 0.00
863833 0.00
864876 0.00
865920 0.00
866964 0.00
868008 0.00
869053 0.00
870098 0.00
871142 0.00
872185 0.00
873230 0.00
874274 0.00
875319 0.00
876364 0.00
877408 0.00
878453 0.00
879498 0.00
880542 0.00
881587 0.00
882631 0.00
883673 0.00
884716 0.00
885760 0.00
886805 0.00
887850 0.00
888894 0.00
889939 0.00
890981 0.00
892025 0.00
893069 0.00
894112 0.00
895157 0.00
896202 0.00
897246 0.00
898291 0.00
899335 0.00
900378 0.00
901422 0.00
902465 0.00
903510 0.00
904554 0.00
905597 0.00
906642 0.00
907686 0.00
908731 0.00
909775 0.00
910817 0.00
911860 0.00
912904 0.00
913949 0.00
914994 0.00
916040 0.00
917085 0.00
918130 0.00
919174 0.00
920217 0.00
921262 0.00
922306 0.00
923349 0.00
924391 0.00
925434 0.00
926479 0.00
927524 0.00
928568 0.00
929613 0.00
930658 0.00
931702 0.00
932745 0.00
933790 0.00
934834 0.00
935877 0.00
936922 0.00
937967 0.00
939012 0.00
940056 0.00
941099 0.00
942143 0.00
943186 0.00
944230 0.00
945272 0.00
946314 0.00
947357 0.00
948402 0.00
949446 0.00
950491 0.00
951535 0.00
952577 0.00
953620 0.00
954664 0.00
955709 0.00
956754 0.00
957798 0.00
958843 0.00
959888 0.00
960933 0.00
961978 0.00
963024 0.00
964068 0.00
965113 0.00
966157 0.00
967199 0.00
968242 0.00
969286 0.00
970328 0.00
971371 0.00
972415 0.00
973458 0.00
974502 0.00
975544 0.00
976587 0.00
977631 0.00
978674 0.00
979718 0.00
980761 0.00
981806 0.00
982850 0.00
983893 0.00
984938 0.00
985982 0.00
987026 0.00
988070 0.00
989113 0.00
990158 0.00
991202 0.00
992245 0.00
993290 0.00
994334 0.00
995377 0.00
996422 0.00
997466 0.00
998509 0.00
999554 0.00
1000598 0.00
1001644 0.00
1002688 0.00
1003734 0.00
1004779 1.96
1005825 0.00
1006871 1.96
1007917 0.00
1008963 1.96
1010010 1.96
1011055 1.96
1012109 3.93
1013154 1.96
1014200 1.96
1015244 3.93
1016290 1.96
1017335 3.93
1018380 3.93
1019425 3.93
1020471 3.93
1021517 1.96
1022562 3.93
1023606 3.93
1024652 3.93
1025697 3.93
1026742 5.89
1027789 3.93
1028835 3.93
1029879 3.93
1030925 5.89
1031970 5.89
1033018 3.93
1034064 5.89
1035108 5.89
1036161 5.89
1037206 3.93
1038259 7.85
1039308 5.89
1040352 5.89
1041398 5.89
1042445 5.89
1043497 7.85
1044544 5.89
1045590 5.89
1046635 7.85
1047681 5.89
1048733 7.85
1049779 5.89
1050823 7.85
1051868 5.89
1052914 7.85
1053959 7.85
1055005 7.85
1056049 7.85
1057095 7.85
1058140 7.85
1059187 7.85
1060234 7.85
1061286 9.82
1062331 7.85
1063376 7.85
1064421 7.85
1065467 9.82
1066512 7.85
1067563 9.82
1068608 7.85
1069653 7.85
1070698 9.82
1071750 9.82
1072794 7.85
1073840 9.82
1074886 9.82
1075932 9.82
1076977 9.82
1078030 9.82
1079082 9.82
1080129 7.85
1081175 9.82
1082220 9.82
1083266 9.82
1084312 9.82
1085358 9.82
1086404 9.82
1087451 11.78
1088497 9.82
1089542 9.82
1090595 11.78
1091640 9.82
1092686 9.82
1093732 9.82
1094782 11.78
1095828 9.82
1096874 9.82
1097920 11.78
1098966 9.82
1100012 11.78
1101064 11.78
1102109 9.82
1103156 11.78
1104202 9.82
1105246 11.78
1106298 11.78
1107345 9.82
1108389 11.78
1109441 11.78
1110487 11.78
1111533 9.82
1112580 11.78
1113627 11.78
1114673 11.78
1115718 11.78
1116771 11.78
1117825 11.78
1118871 9.82
1119918 11.78
1120963 11.78
1122009 11.78
1123054 11.78
1124099 11.78
1125154 13.74
1126206 11.78
1127259 11.78
1128311 11.78
1129356 11.78
1130403 11.78
1131448 11.78
1132494 11.78
1133549 13.74
1134601 11.78
1135646 11.78
1136701 13.74
1137748 11.78
1138795 11.78
1139842 11.78
1140897 13.74
1141944 11.78
1142991 11.78
1144046 13.74
1145093 11.78
1146140 13.74
1147187 11.78
1148240 13.74
1149287 11.78
1150333 11.78
1151384 13.74
1152430 11.78
1153484 13.74
1154529 11.78
1155584 13.74
1156639 13.74
1157686 11.78
1158741 13.74
1159786 11.78
1160841 13.74
1161888 11.78
1162941 13.74
1163986 11.78
1165033 13.74
1166080 13.74
1167135 13.74
1168182 11.78
1169227 13.74
1170274 11.78
1171320 13.74
1172375 13.74
1173422 11.78
1174468 13.74
1175513 13.74
1176566 13.74
1177613 11.78
1178659 13.74
1179704 13.74
1180759 13.74
1181804 11.78
1182850 13.74
1183903 13.74
1184948 13.74
1185994 13.74
1187048 13.74
1188102 13.74
1189147 11.78
1190193 13.74
1191246 13.74
1192299 13.74
1193350 13.74
1194404 13.74
1195451 11.78
1196503 15.71
1197556 13.74
1198601 11.78
1199647 13.74
1200693 13.74
1201740 13.74
1202793 13.74
1203841 13.74
1204886 13.74
1205932 13.74
1206979 13.74
1208026 13.74
1209071 13.74
1210123 13.74
1211175 13.74
1212227 13.74
1213280 13.74
1214325 13.74
1215372 13.74
1216418 13.74
1217463 13.74
1218509 13.74
1219554 13.74
1220600 13.74
1221646 13.74
1222693 13.74
1223739 13.74
1224785 15.71
1225837 13.74
1226883 13.74
1227928 13.74
1228973 13.74
1230019 13.74
1231064 13.74
1232109 13.74
1233155 13.74
1234207 15.71
1235252 13.74
1236297 13.74
1237342 13.74
1238388 13.74
1239434 13.74
1240479 15.71
1241531 13.74
1242576 13.74
1243621 13.74
1244667 13.74
1245718 15.71
1246769 13.74
1247814 13.74
1248859 13.74
1249905 13.74
1250950 13.74
1252004 15.71
1253049 13.74
1254095 13.74
1255140 13.74
1256193 15.71
1257239 13.74
1258289 13.74
1259334 13.74
1260380 13.74
1261434 15.71
1262479 13.74
1263532 15.71
1264585 13.74
1265638 13.74
1266686 13.74
1267731 13.74
1268777 13.74
1269822 15.71
1270876 13.74
1271921 13.74
1272974 15.71
1274028 13.74
1275073 13.74
1276120 13.74
1277166 13.74
1278218 15.71
1279265 13.74
1280310 15.71
1281363 13.74
1282409 13.74
1283455 13.74
1284501 13.74
1285553 15.71
1286605 13.74
1287650 13.74
1288703 15.71
1289748 13.74
1290793 15.71
1291845 13.74
1292891 13.74
1293938 13.74
1294984 13.74
1296037 15.71
1297082 13.74
1298134 15.71
1299180 13.74
1300232 15.71
1301284 13.74
1302329 13.74
1303374 13.74
1304426 15.71
1305472 13.74
1306519 13.74
1307571 15.71
1308617 13.74
1309664 15.71
1310709 13.74
1311755 15.71
1312807 13.74
1313852 13.74
1314898 13.74
1315944 15.71
1316990 13.74
1318037 15.71
1319082 13.74
1320135 15.71
1321181 13.74
1322226 13.74
1323279 15.71
1324326 13.74
1325379 15.71
1326425 13.74
1327477 15.71
1328523 13.74
1329570 13.74
1330623 15.71
1331669 13.74
1332714 15.71
1333764 13.74
1334818 15.71
1335863 13.74
1336908 13.74
1337959 15.71
1339007 13.74
1340053 13.74
1341104 15.71
1342150 13.74
1343203 15.71
1344249 13.74
1345300 15.71
1346345 13.74
1347397 15.71
1348443 13.74
1349488 13.74
1350534 13.74
1351581 15.71
1352627 13.74
1353672 15.71
1354724 15.71
1355769 13.74
1356814 13.74
1357861 15.71
1358906 13.74
1359951 13.74
1360997 15.71
1362051 15.71
1363097 13.74
1364152 15.71
1365197 13.74
1366243 13.74
1367296 15.71
1368342 13.74
1369394 15.71
1370439 13.74
1371486 15.71
1372531 13.74
1373585 15.71
1374631 13.74
1375677 15.71
1376723 13.74
1377768 15.71
1378815 13.74
1379867 15.71
1380913 13.74
1381965 15.71
1383012 13.74
1384065 15.71
1385111 13.74
1386156 13.74
1387202 15.71
1388256 15.71
1389302 13.74
1390355 15.71
1391401 13.74
1392453 15.71
1393500 13.74
1394545 15.71
1395592 13.74
1396639 15.71
1397689 13.74
1398742 15.71
1399787 13.74
1400839 15.71
1401884 13.74
1402929 13.74
1403981 15.71
1405028 13.74
1406080 15.71
1407125 13.74
1408172 15.71
1409218 13.74
1410269 15.71
1411315 13.74
1412361 13.74
1413413 15.71
1414458 13.74
1415504 15.71
1416555 15.71
1417600 13.74
1418653 15.71
1419699 13.74
1420746 13.74
1421799 15.71
1422846 13.74
1423893 15.71
1424938 15.71
1425984 13.74
1427038 15.71
1428083 13.74
1429128 13.74
1430181 15.71
1431227 13.74
1432279 15.71
1433325 13.74
1434370 15.71
1435422 15.71
1436468 13.74
1437513 15.71
1438566 13.74
1439611 13.74
1440660 15.71
1441712 15.71
1442758 13.74
1443803 15.71
1444848 13.74
1445901 15.71
1446948 13.74
1447995 15.71
1449043 13.74
1450097 15.71
1451143 13.74
1452189 15.71
1453241 15.71
1454287 13.74
1455341 15.71
1456388 13.74
1457433 13.74
1458480 15.71
1459531 15.71
1460577 13.74
1461623 15.71
1462677 15.71
1463723 13.74
1464775 15.71
1465825 13.74
1466871 13.74
1467918 15.71
1468969 15.71
1470022 15.71
1471068 13.74
1472120 15.71
1473166 13.74
1474219 15.71
1475265 13.74
1476310 15.71
1477355 13.74
1478401 15.71
1479453 15.71
1480498 13.74
1481551 15.71
1482596 13.74
1483648 15.71
1484695 13.74
1485746 15.71
1486792 13.74
1487838 15.71
1488884 15.71
1489929 15.71
1490975 13.74
1492022 13.74
1493070 15.71
1494125 15.71
1495170 13.74
1496222 15.71
1497274 15.71
1498321 13.74
1499373 15.71
1500418 13.74
1501470 15.71
1502516 15.71
1503563 13.74
1504609 15.71
1505661 15.71
1506707 13.74
1507759 15.71
1508805 13.74
1509856 15.71
1510903 13.74
1511949 15.71
1513003 15.71
1514056 15.71
1515102 13.74
1516154 15.71
1517200 13.74
1518253 15.71
1519298 13.74
1520344 15.71
1521395 15.71
1522441 13.74
1523488 15.71
1524540 15.71
1525585 13.74
1526637 15.71
1527682 13.74
1528734 15.71
1529781 13.74
1530827 15.71
1531872 15.71
1532923 15.71
1533969 13.74
1535023 15.71
1536069 13.74
1537120 15.71
1538165 13.74
1539212 15.71
1540264 15.71
1541316 15.71
1542361 13.74
1543413 15.71
1544459 13.74
1545512 15.71
1546558 13.74
1547604 15.71
1548655 15.71
1549700 15.71
1550745 13.74
1551798 15.71
1552844 13.74
1553896 15.71
1554942 13.74
1555995 15.71
1557049 15.71
1558095 13.74
1559141 15.71
1560186 13.74
1561239 15.71
1562285 13.74
1563337 15.71
1564384 13.74
1565430 15.71
1566481 15.71
1567528 15.71
1568575 13.74
1569620 13.74
1570667 15.71
1571713 13.74
1572759 15.71
1573805 15.71
1574852 13.74
1575897 15.71
1576949 15.71
1577995 13.74
1579049 15.71
1580094 13.74
1581139 15.71
1582186 13.74
1583232 15.71
1584284 15.71
1585329 13.74
1586380 15.71
1587426 13.74
1588478 15.71
1589523 13.74
1590575 15.71
1591621 13.74
1592667 15.71
1593713 15.71
1594764 15.71
1595809 13.74
1596862 15.71
1597907 13.74
1598960 15.71
1600007 13.74
1601054 15.71
1602107 15.71
1603153 13.74
1604199 15.71
1605244 15.71
1606290 13.74
1607336 15.71
1608383 13.74
1609436 15.71
1610490 15.71
1611535 13.74
1612587 15.71
1613633 13.74
1614679 15.71
1615724 13.74
1616770 15.71
1617822 15.71
1618867 13.74
1619914 15.71
1620968 15.71
1622015 13.74
1623067 15.71
1624114 13.74
1625166 15.71
1626213 13.74
1627259 15.71
1628306 15.71
1629360 15.71
1630406 13.74
1631457 15.71
1632503 13.74
1633555 15.71
1634600 13.74
1635646 15.71
1636697 15.71
1637749 15.71
1638795 13.74
1639846 15.71
1640892 13.74
1641943 15.71
1642989 13.74
1644036 15.71
1645088 15.71
1646133 13.74
1647179 15.71
1648231 15.71
1649276 13.74
1650322 15.71
1651367 13.74
1652413 15.71
1653466 15.71
1654511 15.71
1655556 13.74
1656608 15.71
1657654 13.74
1658706 15.71
1659751 13.74
1660797 15.71
1661851 15.71
1662897 13.74
1663942 15.71
1664994 15.71
1666041 13.74
1667094 15.71
1668139 13.74
1669185 15.71
1670230 15.71
1671276 13.74
1672322 15.71
1673373 15.71
1674419 13.74
1675472 15.71
1676517 13.74
1677569 15.71
1678615 13.74
1679661 15.71
1680712 15.71
1681764 15.71
1682810 13.74
1683861 15.71
1684907 13.74
1685958 15.71
1687005 13.74
1688057 15.71
1689109 15.71
1690155 13.74
1691201 15.71
1692254 15.71
1693300 13.74
1694351 15.71
1695397 13.74
1696443 15.71
1697488 15.71
1698535 13.74
1699582 15.71
1700636 15.71
1701682 13.74
1702734 15.71
1703780 13.74
1704832 15.71
1705878 13.74
1706924 15.71
1707973 15.71
1709027 15.71
1710073 13.74
1711119 15.71
1712165 13.74
1713218 15.71
1714263 13.74
1715314 15.71
1716365 15.71
1717411 13.74
1718457 15.71
1719503 13.74
1720555 15.71
1721600 13.74
1722646 15.71
1723699 15.71
1724744 13.74
1725789 15.71
1726843 15.71
1727888 13.74
1728940 15.71
1729986 13.74
1731040 15.71
1732085 13.74
1733131 15.71
1734184 15.71
1735230 13.74
1736275 15.71
1737322 13.74
1738374 15.71
1739419 13.74
1740471 15.71
1741517 13.74
1742564 15.71
1743610 15.71
1744655 15.71
1745701 13.74
1746746 13.74
1747797 15.71
1748843 13.74
1749895 15.71
1750948 15.71
1751994 13.74
1753042 15.71
1754094 15.71
1755140 13.74
1756192 15.71
1757238 13.74
1758291 15.71
1759338 13.74
1760390 15.71
1761442 15.71
1762488 13.74
1763533 15.71
1764579 13.74
1765630 15.71
1766676 13.74
1767722 15.71
1768773 15.71
1769819 15.71
1770864 13.74
1771917 15.71
1772962 13.74
1774016 15.71
1775062 13.74
1776114 15.71
1777168 15.71
1778213 13.74
1779259 15.71
1780312 15.71
1781357 13.74
1782410 15.71
1783457 13.74
1784511 15.71
1785557 13.74
1786602 15.71
1787647 15.71
1788700 15.71
1789745 13.74
1790798 15.71
1791845 13.74
1792899 15.71
1793944 13.74
1794990 15.71
1796043 15.71
1797089 13.74
1798134 15.71
1799186 15.71
1800232 13.74
1801277 15.71
1802324 13.74
1803376 15.71
1804422 13.74
1805467 15.71
1806513 15.71
1807559 13.74
1808606 15.71
1809651 13.74
1810698 15.71
1811751 15.71
1812798 13.74
1813847 15.71
1814900 15.71
1815946 13.74
1816998 15.71
1818045 13.74
1819091 15.71
1820144 15.71
1821189 13.74
1822236 15.71
1823288 15.71
1824334 13.74
1825386 15.71
1826432 13.74
1827484 15.71
1828530 15.71
1829576 13.74
1830622 15.71
1831674 15.71
1832719 13.74
1833769 15.71
1834814 13.74
1835866 15.71
1836912 13.74
1837958 15.71
1839011 15.71
1840063 15.71
1841109 13.74
1842154 15.71
1843200 13.74
1844246 15.71
1845293 13.74
1846340 15.71
1847392 15.71
1848437 13.74
1849483 15.71
1850530 15.71
1851575 13.74
1852622 15.71
1853667 13.74
1854713 15.71
1855765 15.71
1856810 13.74
1857857 15.71
1858909 15.71
1859954 13.74
1861002 15.71
1862047 13.74
1863094 15.71
1864147 15.71
1865193 13.74
1866238 15.71
1867290 15.71
1868342 15.71
1869389 13.74
1870441 15.71
1871487 13.74
1872539 15.71
1873584 13.74
1874631 15.71
1875677 15.71
1876730 15.71
1877776 13.74
1878828 15.71
1879874 13.74
1880926 15.71
1881972 13.74
1883019 15.71
1884065 15.71
1885117 15.71
1886163 13.74
1887214 15.71
1888260 13.74
1889312 15.71
1890358 13.74
1891410 15.71
1892455 13.74
1893501 15.71
1894547 15.71
1895592 15.71
1896639 13.74
1897686 13.74
1898732 15.71
1899785 15.71
1900831 13.74
1901883 15.71
1902936 15.71
1903982 13.74
1905036 15.71
1906082 13.74
1907134 15.71
1908179 15.71
1909226 13.74
1910275 15.71
1911327 15.71
1912373 13.74
1913425 15.71
1914471 13.74
1915524 15.71
1916569 13.74
1917615 15.71
1918667 15.71
1919712 15.71
1920759 13.74
1921812 15.71
1922857 13.74
1923903 15.71
1924949 13.74
1926003 15.71
1927055 15.71
1928100 13.74
1929146 15.71
1930199 15.71
1931244 13.74
1932296 15.71
1933343 13.74
1934396 15.71
1935442 13.74
1936488 15.71
1937536 15.71
1938590 15.71
1939635 13.74
1940688 15.71
1941734 13.74
1942788 15.71
1943835 13.74
1944880 15.71
1945939 15.71
1946985 13.74
1948034 15.71
1949086 15.71
1950132 13.74
1951184 15.71
1952229 13.74
1953278 15.71
1954331 15.71
1955376 13.74
1956422 15.71
1957475 15.71
1958521 13.74
1959573 15.71
1960620 13.74
1961667 15.71
1962719 15.71
1963764 15.71
1964811 13.74
1965864 15.71
1966909 13.74
1967955 15.71
1969003 13.74
1970055 15.71
1971108 15.71
1972155 13.74
1973201 15.71
1974253 15.71
1975298 13.74
1976350 15.71
1977395 13.74
1978447 15.71
1979492 13.74
1980538 15.71
1981584 15.71
1982637 15.71
1983683 13.74
1984732 15.71
1985777 13.74
1986824 15.71
1987879 15.71
1988926 13.74
1989973 15.71
1991027 15.71
1992072 13.74
1993118 15.71
1994164 13.74
1995210 15.71
1996263 15.71
1997309 13.74
1998355 15.71
1999401 15.71
2000453 15.71
