1001526.00	0.01
1003280.00	0.01
1006785.00	1.13
1007109.00	2.66
1009239.00	3.89
1009253.00	5.15
1010938.00	5.85
1011218.00	6.46
1012665.00	6.41
1012936.00	6.84
1014064.00	7.64
1014420.00	8.18
1015325.00	8.64
1015795.00	8.96
1016543.00	9.12
1017135.00	9.23
1017817.00	9.02
1018327.00	9.57
1018884.00	10.47
1019443.00	10.80
1019892.00	11.13
1020488.00	11.49
1020867.00	11.67
1021496.00	11.88
1021913.00	11.48
1022475.00	11.65
1022915.00	11.91
1023400.00	12.25
1023776.00	13.22
1024317.00	13.28
1024573.00	13.81
1025164.00	14.34
1025491.00	13.37
1026079.00	12.86
1026453.00	12.57
1027105.00	11.86
1027235.00	13.27
1027987.00	14.22
1028018.00	14.21
1028808.00	14.69
1028867.00	14.11
1029655.00	14.63
1029708.00	14.02
1030385.00	14.62
1030680.00	14.14
1031111.00	14.18
1031606.00	14.47
1031923.00	13.62
1032538.00	13.57
1032711.00	13.80
1033414.00	14.71
1033550.00	14.21
1034162.00	13.71
1034503.00	14.07
1034951.00	13.65
1035559.00	13.05
1035700.00	13.45
1036382.00	14.22
1036703.00	13.79
1037054.00	13.91
1037820.00	12.84
1037836.00	12.89
1038580.00	12.95
1038881.00	13.39
1039243.00	14.53
1039941.00	14.06
1040025.00	13.58
1040693.00	13.00
1041130.00	13.17
1041430.00	13.31
1042070.00	14.54
1042320.00	14.17
1042697.00	14.35
1043448.00	12.80
1043556.00	12.61
1044149.00	13.18
1044754.00	13.33
1044775.00	14.33
1045423.00	14.02
1045940.00	14.07
1046170.00	12.84
1046881.00	13.25
1047207.00	12.93
1047478.00	14.51
1048034.00	15.26
1048410.00	15.51
1048778.00	12.81
1049561.00	12.42
1049685.00	12.14
1050138.00	14.83
1050586.00	17.77
1050882.00	18.07
1051324.00	12.90
1052028.00	13.30
1052215.00	12.79
1052618.00	14.42
1053254.00	13.68
1053440.00	14.07
1053981.00	12.93
1054565.00	14.90
1054782.00	14.48
1055139.00	14.67
1055704.00	14.81
1056184.00	14.63
1056418.00	12.46
1057067.00	13.26
1057580.00	13.28
1057654.00	14.27
1058203.00	14.93
1058902.00	12.66
1059036.00	12.48
1059561.00	12.97
1060157.00	13.93
1060418.00	14.15
1060743.00	14.33
1061428.00	12.85
1061564.00	13.73
1062049.00	14.63
1062646.00	15.02
1062951.00	14.13
1063256.00	13.90
1063939.00	12.87
1064256.00	13.14
1064543.00	14.27
1065141.00	14.36
1065550.00	14.41
1065741.00	14.37
1066413.00	13.32
1066732.00	13.75
1067086.00	13.75
1067679.00	14.93
1067964.00	14.73
1068242.00	15.24
1068907.00	13.64
1069138.00	13.88
1069628.00	13.19
1070225.00	14.90
1070281.00	15.04
1070829.00	14.92
1071391.00	15.08
1071494.00	14.16
1072121.00	14.72
1072487.00	14.78
1072706.00	15.43
1073294.00	15.39
1073508.00	15.79
1073958.00	14.65
1074524.00	14.69
1074609.00	14.84
1075195.00	15.87
1075454.00	16.40
1075820.00	15.74
1076441.00	15.38
1076484.00	14.85
1077124.00	15.19
1077412.00	15.29
1077704.00	16.21
1078283.00	16.26
1078340.00	16.54
1078951.00	15.17
1079283.00	15.06
1079615.00	15.12
1080174.00	15.49
1080198.00	16.74
1080814.00	16.18
1081048.00	16.29
1081482.00	15.55
1081886.00	15.85
1082139.00	15.98
1082709.00	16.11
1082713.00	17.44
1083272.00	17.71
1083536.00	17.69
1083949.00	15.83
1084327.00	16.15
1084581.00	16.77
1085117.00	16.78
1085147.00	17.88
1085734.00	17.47
1085938.00	17.20
1086417.00	15.82
1086715.00	16.22
1087067.00	16.64
1087476.00	16.81
1087617.00	18.46
1088128.00	19.28
1088218.00	19.48
1088817.00	16.50
1088958.00	16.51
1089545.00	16.06
1089696.00	16.08
1090079.00	18.99
1090408.00	19.28
1090497.00	22.40
1091119.00	22.41
1091187.00	16.83
1091783.00	17.43
1091847.00	17.82
1092401.00	19.52
1092502.00	18.84
1093002.00	17.99
1093313.00	17.04
1093687.00	15.85
1094008.00	17.07
1094241.00	19.11
1094652.00	19.78
1094787.00	19.94
1095323.00	20.16
1095350.00	19.45
1096000.00	17.14
1096087.00	16.69
1096622.00	17.46
1096764.00	18.17
1097183.00	19.22
1097423.00	19.47
1097710.00	20.13
1098108.00	19.78
1098382.00	17.38
1098738.00	18.13
1099016.00	18.63
1099412.00	18.03
1099591.00	19.00
1100117.00	18.61
1100157.00	18.79
1100802.00	19.02
1100821.00	17.47
1101423.00	18.38
1101426.00	19.24
1102002.00	19.63
1102097.00	18.95
1102597.00	18.70
1102737.00	19.13
1103261.00	18.09
1103423.00	17.45
1103852.00	18.54
1104132.00	18.29
1104434.00	18.46
1104806.00	18.88
1105022.00	18.76
1105458.00	19.05
1105681.00	17.99
1106142.00	17.56
1106342.00	17.52
1106786.00	18.06
1106927.00	19.23
1107454.00	18.90
1107483.00	19.43
1108068.00	20.21
1108142.00	18.52
1108747.00	17.60
1108856.00	16.94
1109365.00	17.79
1109446.00	19.52
1110030.00	18.84
1110047.00	18.64
1110708.00	17.78
1110717.00	17.51
1111332.00	18.01
1111398.00	18.09
1111916.00	18.77
1112102.00	18.48
1112503.00	18.41
1112768.00	18.89
1113163.00	17.78
1113322.00	19.58
1113815.00	19.70
1114006.00	17.67
1114400.00	18.68
1114669.00	18.94
1115023.00	18.35
1115338.00	18.29
1115688.00	17.69
1115969.00	18.21
1116327.00	18.55
1116648.00	17.91
1116912.00	18.77
1117313.00	18.96
1117492.00	19.03
1117978.00	19.01
1118160.00	17.66
1118640.00	17.70
1118828.00	17.73
1119311.00	17.61
1119413.00	18.83
1119954.00	19.21
1120033.00	18.68
1120609.00	18.51
1120704.00	17.77
1121220.00	18.44
1121367.00	18.55
1121881.00	17.80
1121945.00	19.11
1122508.00	19.36
1122548.00	19.29
1123190.00	17.47
1123198.00	17.70
1123829.00	18.28
1123873.00	17.96
1124399.00	19.07
1124521.00	19.42
1124994.00	19.01
1125171.00	18.99
1125685.00	17.60
1125802.00	17.86
1126342.00	18.31
1126427.00	18.40
1126898.00	20.02
1127063.00	19.86
1127417.00	20.61
1127677.00	20.96
1128117.00	18.04
1128297.00	17.91
1128855.00	17.46
1128947.00	17.05
1129398.00	19.94
1129566.00	20.37
1129822.00	23.39
1130180.00	23.50
1130527.00	17.96
1130782.00	18.14
1131197.00	18.59
1131385.00	18.57
1131762.00	20.19
1131991.00	20.16
1132372.00	19.39
1132577.00	19.71
1133071.00	18.48
1133166.00	18.43
1133634.00	20.46
1133713.00	21.23
1134188.00	21.40
1134309.00	20.52
1134735.00	20.67
1134983.00	19.53
1135424.00	17.29
1135560.00	18.76
1136056.00	19.54
1136095.00	20.37
1136627.00	21.37
1136674.00	20.53
1137161.00	21.20
1137284.00	20.65
1137845.00	18.27
1137847.00	19.09
1138389.00	19.49
1138490.00	20.00
1138955.00	19.56
1139073.00	20.53
1139473.00	21.45
1139645.00	21.67
1140024.00	21.01
1140317.00	19.44
1140600.00	19.00
1140924.00	19.95
1141157.00	20.30
1141509.00	20.68
1141662.00	21.73
1142106.00	21.49
1142204.00	20.72
1142718.00	21.31
1142773.00	20.29
1143270.00	19.52
1143367.00	20.62
1143838.00	20.29
1143950.00	20.46
1144374.00	21.11
1144539.00	21.03
1144894.00	21.37
1145197.00	20.30
1145436.00	19.80
1145857.00	19.77
1145945.00	20.52
1146439.00	21.73
1146473.00	21.29
1146957.00	22.33
1146989.00	22.91
1147492.00	21.70
1147641.00	20.02
1147979.00	21.13
1148345.00	20.46
1148503.00	19.63
1148928.00	21.37
1149042.00	21.03
1149516.00	20.95
1149574.00	21.11
1150126.00	20.69
1150164.00	19.78
1150644.00	20.48
1150774.00	21.01
1151074.00	23.34
1151344.00	24.03
1151605.00	21.43
1151915.00	21.43
1152121.00	21.75
1152557.00	20.58
1152644.00	20.45
1153133.00	21.21
1153189.00	21.37
1153664.00	20.43
1153756.00	21.50
1154187.00	21.63
1154359.00	21.01
1154709.00	21.07
1155000.00	20.50
1155229.00	20.50
1155616.00	20.87
1155758.00	20.70
1156176.00	21.65
1156266.00	22.14
1156731.00	22.25
1156784.00	22.03
1157268.00	22.78
1157369.00	21.38
1157794.00	20.43
1158004.00	20.49
1158327.00	20.36
1158557.00	21.72
1158848.00	21.96
1159143.00	21.34
1159392.00	20.86
1159774.00	20.18
1159918.00	20.55
1160394.00	20.71
1160449.00	20.61
1160932.00	22.04
1160966.00	22.34
1161453.00	22.70
1161479.00	22.79
1162005.00	22.53
1162083.00	20.57
1162515.00	20.88
1162671.00	21.56
1163031.00	21.45
1163193.00	22.68
1163573.00	22.15
1163733.00	21.80
1164094.00	22.21
1164359.00	20.72
1164609.00	20.85
1164954.00	21.34
1165120.00	21.45
1165454.00	23.33
1165632.00	23.29
1165915.00	24.28
1166149.00	24.17
1166537.00	20.86
1166652.00	21.20
1167158.00	21.13
1167191.00	20.67
1167629.00	21.51
1167671.00	24.80
1168043.00	28.34
1168145.00	27.25
1168659.00	20.98
1168732.00	19.60
1169237.00	21.25
1169245.00	21.76
1169704.00	22.66
1169736.00	24.61
1170215.00	23.57
1170264.00	22.71
1170755.00	22.08
1170866.00	20.71
1171253.00	21.61
1171351.00	23.97
1171736.00	24.37
1171826.00	24.62
1172239.00	24.14
1172291.00	24.43
1172703.00	25.39
1172877.00	22.73
1173197.00	21.98
1173412.00	22.98
1173712.00	22.47
1173893.00	23.66
1174212.00	23.98
1174342.00	24.88
1174667.00	26.09
1174914.00	23.27
1175155.00	22.34
1175455.00	22.93
1175618.00	23.61
1175941.00	24.84
1176115.00	24.00
1176417.00	24.25
1176630.00	23.81
1176977.00	21.96
1177117.00	22.61
1177482.00	23.76
1177586.00	24.25
1177966.00	24.76
1178078.00	24.12
1178461.00	23.85
1178541.00	24.62
1179012.00	23.41
1179021.00	22.96
1179459.00	24.17
1179503.00	25.48
1179948.00	24.04
1179985.00	24.29
1180390.00	25.57
1180469.00	25.47
1180868.00	24.47
1181011.00	23.19
1181358.00	22.91
1181554.00	22.91
1181842.00	23.01
1182032.00	24.49
1182343.00	24.11
1182484.00	24.82
1182816.00	25.54
1183017.00	23.53
1183206.00	26.12
1183597.00	25.22
1183686.00	22.43
1184074.00	24.65
1184153.00	24.99
1184554.00	24.86
1184627.00	24.67
1185070.00	25.54
1185084.00	24.41
1185550.00	23.39
1185585.00	24.03
1186023.00	24.21
1186049.00	25.15
1186498.00	25.12
1186514.00	25.09
1186968.00	25.20
1187040.00	23.73
1187447.00	23.50
1187556.00	23.74
1187908.00	24.22
1188017.00	25.56
1188376.00	25.36
1188506.00	24.66
1188814.00	25.52
1189027.00	24.75
1189290.00	23.68
1189527.00	24.18
1189773.00	24.00
1189981.00	25.14
1190244.00	25.48
1190430.00	25.68
1190736.00	25.10
1190949.00	23.32
1191213.00	23.75
1191465.00	23.77
1191693.00	23.64
1191917.00	25.28
1192163.00	25.56
1192395.00	24.88
1192628.00	25.02
1192911.00	24.06
1193104.00	23.77
1193421.00	23.95
1193568.00	24.27
1193863.00	26.05
1194038.00	25.92
1194292.00	26.26
1194530.00	25.70
1194813.00	23.30
1195003.00	23.73
1195299.00	24.55
1195474.00	24.63
1195735.00	26.05
1195939.00	26.21
1196186.00	25.73
1196406.00	25.67
1196708.00	23.90
1196878.00	23.79
1197208.00	24.31
1197336.00	24.67
1197629.00	26.82
1197798.00	26.74
1198019.00	27.88
1198230.00	28.71
1198544.00	24.82
1198701.00	23.75
1199102.00	23.11
1199237.00	21.57
1199508.00	25.53
1199698.00	27.32
1199825.00	31.30
1200127.00	32.25
1200352.00	24.91
1200595.00	23.76
1200854.00	24.32
1201091.00	23.63
1201276.00	25.89
1201550.00	26.80
1201732.00	25.75
1201993.00	26.27
1202253.00	24.61
1202459.00	23.95
1202674.00	26.69
1202887.00	27.82
1203087.00	28.06
1203341.00	27.21
1203492.00	27.53
1203819.00	26.93
1204004.00	23.85
1204280.00	24.28
1204473.00	25.36
1204701.00	26.58
1204896.00	27.92
1205154.00	26.93
1205290.00	27.95
1205583.00	28.68
1205793.00	25.44
1206043.00	24.52
1206271.00	25.13
1206521.00	24.65
1206702.00	25.99
1206972.00	26.73
1207123.00	27.05
1207408.00	27.53
1207620.00	25.42
1207865.00	24.77
1208071.00	25.95
1208296.00	26.73
1208501.00	27.40
1208742.00	26.97
1208941.00	26.65
1209150.00	27.82
1209433.00	26.40
1209603.00	25.00
1209872.00	26.42
1210017.00	27.65
1210302.00	27.93
1210461.00	27.00
1210734.00	26.90
1210916.00	26.55
1211220.00	25.07
1211369.00	25.15
1211706.00	25.18
1211836.00	24.73
1212135.00	26.35
1212274.00	27.21
1212539.00	27.99
1212638.00	30.73
1213018.00	28.48
1213087.00	25.45
1213520.00	25.90
1213539.00	24.93
1213959.00	24.75
1213968.00	27.18
1214371.00	28.09
1214400.00	27.94
1214815.00	26.84
1214877.00	25.59
1215256.00	25.71
1215329.00	26.39
1215692.00	26.54
1215750.00	27.54
1216127.00	27.57
1216170.00	27.57
1216569.00	27.38
1216645.00	25.76
1216996.00	26.23
1217114.00	26.39
1217427.00	26.23
1217533.00	27.76
1217830.00	28.71
1217977.00	27.91
1218269.00	26.71
1218450.00	25.87
1218713.00	25.72
1218906.00	26.21
1219147.00	26.55
1219320.00	27.83
1219597.00	27.32
1219728.00	27.53
1220033.00	27.92
1220201.00	25.96
1220474.00	25.87
1220673.00	25.84
1220902.00	26.25
1221086.00	28.06
1221327.00	28.12
1221521.00	27.40
1221760.00	27.15
1221995.00	26.06
1222183.00	26.41
1222463.00	26.54
1222609.00	26.45
1222865.00	28.48
1223055.00	27.82
1223259.00	28.16
1223488.00	28.59
1223736.00	25.98
1223917.00	26.11
1224183.00	26.97
1224339.00	27.13
1224583.00	28.65
1224762.00	28.65
1224996.00	28.19
1225191.00	27.99
1225478.00	25.98
1225609.00	26.34
1225938.00	26.90
1226029.00	26.86
1226326.00	29.24
1226420.00	30.21
1226685.00	31.43
1226852.00	30.04
1227170.00	25.81
1227340.00	24.24
1227685.00	23.53
1227763.00	25.42
1228062.00	29.62
1228152.00	30.77
1228356.00	35.14
1228579.00	33.83
1228844.00	25.87
1229034.00	25.02
1229311.00	25.56
1229454.00	26.67
1229704.00	29.05
1229859.00	29.57
1230127.00	28.51
1230283.00	27.82
1230615.00	25.96
1230676.00	27.06
1231009.00	29.94
1231094.00	29.04
1231396.00	29.31
1231529.00	28.79
1231775.00	29.11
1231954.00	29.40
1232256.00	26.13
1232342.00	27.49
1232697.00	28.61
1232758.00	27.58
1233096.00	28.96
1233152.00	29.71
1233468.00	30.79
1233576.00	29.73
1233944.00	26.27
1234018.00	25.70
1234397.00	26.33
1234434.00	27.16
1234806.00	28.60
1234836.00	29.09
1235206.00	29.38
1235260.00	28.62
1235659.00	29.53
1235677.00	27.31
1236072.00	26.80
1236108.00	27.96
1236451.00	29.25
1236519.00	29.92
1236870.00	28.39
1236939.00	28.12
1237255.00	29.36
1237410.00	27.78
1237667.00	26.81
1237832.00	28.32
1238091.00	27.88
1238244.00	28.19
1238511.00	28.32
1238660.00	28.18
1238946.00	27.73
1239128.00	26.16
1239355.00	26.99
1239598.00	26.94
1239693.00	29.96
1240013.00	31.66
1240111.00	28.32
1240406.00	29.12
1240516.00	29.61
1240871.00	27.22
1240925.00	27.04
1241309.00	28.02
1241376.00	27.04
1241725.00	25.86
1241793.00	28.32
1242135.00	28.46
1242215.00	28.32
1242545.00	28.36
1242680.00	27.03
1242954.00	27.11
1243120.00	27.79
1243369.00	27.59
1243531.00	28.60
1243770.00	29.09
1243942.00	29.06
1244176.00	28.84
1244408.00	27.15
1244555.00	28.18
1244867.00	28.38
1244969.00	27.06
1245279.00	28.56
1245387.00	28.42
1245714.00	27.60
1245796.00	27.91
1246179.00	27.07
1246221.00	26.56
1246627.00	27.04
1246633.00	27.45
1247035.00	28.73
1247050.00	28.60
1247437.00	28.81
1247453.00	29.23
1247855.00	29.31
1247903.00	27.32
1248265.00	27.07
1248369.00	27.04
1248665.00	27.37
1248776.00	29.16
1249069.00	29.05
1249206.00	28.35
1249490.00	27.72
1249673.00	26.63
1249900.00	27.04
1250133.00	27.21
1250306.00	27.28
1250531.00	29.27
1250705.00	29.60
1250919.00	30.02
1251106.00	29.91
1251389.00	27.20
1251511.00	27.05
1251830.00	27.90
1251908.00	28.23
1252223.00	29.90
1252306.00	29.83
1252629.00	29.31
1252677.00	30.43
1253085.00	28.91
1253103.00	26.86
1253549.00	25.15
1253556.00	25.70
1253936.00	28.16
1253948.00	30.22
1254287.00	31.55
1254320.00	32.66
1254725.00	31.36
1254763.00	26.98
1255156.00	26.04
1255266.00	25.35
1255554.00	26.55
1255635.00	30.76
1255919.00	35.58
1255939.00	36.04
1256345.00	35.29
1256395.00	26.95
1256719.00	28.15
1256851.00	28.64
1257115.00	27.76
1257233.00	30.34
1257530.00	29.65
1257643.00	28.56
1257934.00	28.95
1258117.00	27.03
1258304.00	28.42
1258497.00	31.42
1258700.00	30.30
1258871.00	30.59
1259077.00	31.37
1259236.00	31.76
1259483.00	30.68
1259699.00	27.27
1259902.00	26.78
1260124.00	27.95
1260301.00	28.69
1260507.00	30.18
1260686.00	30.68
1260863.00	31.89
1261092.00	31.14
1261317.00	27.55
1261474.00	28.38
1261749.00	28.98
1261871.00	28.48
1262138.00	30.02
1262234.00	31.37
1262518.00	31.73
1262637.00	30.08
1262966.00	27.73
1263007.00	29.07
1263373.00	30.39
1263404.00	29.31
1263762.00	30.02
1263813.00	29.62
1264159.00	29.27
1264218.00	29.38
1264604.00	27.81
1264639.00	27.26
1265000.00	28.87
1265034.00	29.83
1265361.00	32.89
1265389.00	33.16
1265763.00	29.76
1265780.00	29.68
1266155.00	30.09
1266218.00	28.48
1266553.00	28.29
1266660.00	28.16
1266924.00	29.16
1267047.00	31.06
1267326.00	29.87
1267415.00	30.70
1267725.00	30.81
1267849.00	28.34
1268123.00	28.37
1268320.00	27.33
1268518.00	27.45
1268707.00	30.13
1268920.00	29.87
1269099.00	29.72
1269310.00	30.17
1269530.00	28.77
1269705.00	28.58
1269942.00	29.24
1270072.00	30.38
1270322.00	31.51
1270474.00	30.11
1270704.00	30.11
1270882.00	29.93
1271135.00	28.17
1271279.00	28.54
1271561.00	28.66
1271691.00	28.12
1271939.00	29.84
1272092.00	30.23
1272342.00	29.34
1272498.00	29.16
1272771.00	28.21
1272892.00	28.69
1273182.00	29.36
1273283.00	29.43
1273558.00	30.73
1273683.00	30.39
1273926.00	30.69
1274072.00	31.11
1274353.00	28.94
1274464.00	28.82
1274780.00	28.82
1274877.00	28.09
1275154.00	30.09
1275275.00	30.59
1275546.00	29.79
1275671.00	29.86
1275972.00	28.70
1276060.00	28.97
1276393.00	29.17
1276451.00	29.09
1276758.00	31.25
1276848.00	31.06
1277110.00	31.66
1277233.00	32.08
1277539.00	29.03
1277620.00	28.95
1277942.00	29.84
1277982.00	30.89
1278299.00	32.73
1278379.00	31.29
1278669.00	30.80
1278831.00	29.00
1279099.00	26.70
1279220.00	28.85
1279511.00	29.51
1279581.00	30.65
1279858.00	33.29
1279974.00	32.00
1280177.00	33.49
1280392.00	32.52
1280610.00	27.69
1280778.00	28.94
1281069.00	28.13
1281151.00	28.63
1281402.00	33.53
1281542.00	32.85
1281662.00	37.76
1281904.00	38.93
1282095.00	29.91
1282288.00	28.98
1282509.00	29.57
1282688.00	28.95
1282857.00	31.60
1283078.00	31.98
1283231.00	30.85
1283435.00	32.30
1283661.00	30.28
1283816.00	29.19
1284009.00	32.39
1284179.00	33.20
1284350.00	33.60
1284568.00	32.43
1284682.00	32.85
1284973.00	32.29
1285105.00	28.50
1285357.00	29.34
1285494.00	30.56
1285726.00	31.15
1285842.00	32.89
1286114.00	32.11
1286167.00	33.31
1286481.00	34.17
1286583.00	30.21
1286861.00	29.70
1286979.00	30.42
1287209.00	31.80
1287336.00	33.43
1287595.00	31.76
1287684.00	32.19
1287950.00	33.52
1288096.00	30.92
1288332.00	29.79
1288471.00	31.17
1288723.00	30.81
1288829.00	31.51
1289110.00	31.63
1289194.00	31.36
1289514.00	30.75
1289605.00	28.95
1289892.00	29.92
1289972.00	31.63
1290206.00	34.81
1290331.00	35.17
1290593.00	31.63
1290694.00	31.49
1290969.00	31.94
1291100.00	30.14
1291351.00	29.85
1291511.00	29.75
1291707.00	30.96
1291871.00	32.96
1292093.00	31.62
1292213.00	32.53
1292476.00	32.65
1292617.00	29.92
1292858.00	29.96
1293057.00	28.81
1293238.00	28.93
1293420.00	31.77
1293626.00	31.45
1293786.00	31.32
1294000.00	31.84
1294191.00	30.33
1294379.00	30.16
1294576.00	30.88
1294733.00	31.99
1294935.00	33.14
1295120.00	31.67
1295293.00	31.63
1295512.00	31.47
1295701.00	29.54
1295894.00	29.85
1296103.00	30.00
1296291.00	29.49
1296463.00	31.28
1296677.00	31.67
1296843.00	30.76
1297067.00	30.64
1297251.00	29.58
1297446.00	29.94
1297644.00	30.53
1297823.00	30.65
1298002.00	32.08
1298209.00	31.75
1298354.00	32.03
1298586.00	32.40
1298764.00	30.03
1298964.00	29.91
1299175.00	29.91
1299363.00	29.17
1299534.00	31.21
1299747.00	31.75
1299913.00	30.92
1300131.00	30.92
1300324.00	29.67
1300508.00	29.96
1300733.00	30.06
1300886.00	30.02
1301085.00	32.27
1301271.00	32.03
1301427.00	32.56
1301645.00	33.02
1301845.00	29.92
1302021.00	29.79
1302238.00	30.69
1302370.00	31.90
1302586.00	33.80
1302755.00	32.23
1302947.00	31.62
1303192.00	29.80
1303370.00	27.40
1303570.00	29.51
1303773.00	30.20
1303919.00	31.54
1304114.00	34.20
1304300.00	32.69
1304429.00	34.18
1304705.00	33.30
1304855.00	28.37
1305080.00	29.54
1305309.00	28.71
1305441.00	29.32
1305638.00	34.28
1305820.00	33.50
1305894.00	38.46
1306171.00	39.70
1306324.00	30.51
1306544.00	29.52
1306735.00	30.12
1306932.00	29.51
1307081.00	32.26
1307309.00	32.70
1307452.00	31.46
1307656.00	32.86
1307883.00	30.72
1308026.00	29.62
1308229.00	32.90
1308376.00	33.81
1308570.00	34.15
1308755.00	32.87
1308902.00	33.28
1309148.00	32.77
1309326.00	28.95
1309518.00	29.85
1309715.00	31.02
1309877.00	31.56
1310065.00	33.33
1310252.00	32.59
1310391.00	33.78
1310608.00	34.57
1310809.00	30.56
1310975.00	30.11
1311208.00	30.81
1311312.00	32.24
1311567.00	33.93
1311685.00	32.25
1311918.00	32.62
1312030.00	33.95
1312333.00	31.35
1312398.00	30.28
1312711.00	31.67
1312774.00	31.25
1313073.00	31.90
1313150.00	31.98
1313440.00	31.71
1313538.00	31.15
1313854.00	29.37
1313904.00	30.32
1314206.00	33.73
1314226.00	35.38
1314580.00	31.67
1314588.00	32.11
1314942.00	32.59
1314954.00	32.41
1315308.00	32.23
1315364.00	30.43
1315652.00	31.46
1315778.00	31.35
1316024.00	30.06
1316142.00	32.02
1316395.00	32.10
1316487.00	33.04
1316763.00	33.17
1316895.00	30.45
1317128.00	30.50
1317340.00	29.36
1317503.00	29.02
1317706.00	31.80
1317863.00	32.41
1318075.00	32.33
1318228.00	32.15
1318483.00	30.62
1318569.00	31.76
1318873.00	32.43
1318942.00	30.90
1319234.00	32.15
1319319.00	32.03
1319595.00	31.98
1319687.00	32.32
1320005.00	30.37
1320071.00	29.71
1320410.00	29.88
1320442.00	30.42
1320771.00	32.19
1320818.00	31.98
1321154.00	31.09
1321184.00	31.51
1321546.00	31.69
1321563.00	30.64
1321919.00	30.20
1321957.00	30.79
1322281.00	31.22
1322316.00	32.73
1322646.00	32.64
1322670.00	32.87
1323029.00	32.03
1323079.00	29.71
1323400.00	30.29
1323489.00	30.29
1323769.00	30.29
1323848.00	32.37
1324133.00	32.64
1324225.00	31.85
1324496.00	31.89
1324636.00	30.56
1324866.00	30.30
1325043.00	30.47
1325227.00	30.83
1325394.00	33.10
1325588.00	33.10
1325734.00	33.59
1325926.00	34.70
1326148.00	31.66
1326297.00	30.15
1326537.00	31.06
1326718.00	29.10
1326884.00	30.98
1327082.00	33.21
1327242.00	32.64
1327417.00	34.04
1327660.00	31.68
1327785.00	30.10
1328059.00	30.77
1328177.00	29.83
1328395.00	32.60
1328538.00	33.85
1328707.00	35.26
1328886.00	35.87
1329126.00	30.95
1329251.00	30.16
1329571.00	29.41
1329590.00	30.64
1329895.00	35.61
1329949.00	34.64
1330148.00	39.78
1330323.00	39.17
1330568.00	29.78
1330689.00	30.13
1330971.00	30.75
1331022.00	32.25
1331309.00	35.06
1331379.00	33.93
1331672.00	32.73
1331718.00	33.60
1332083.00	32.41
1332091.00	30.27
1332429.00	33.61
1332462.00	32.93
1332760.00	33.30
1332820.00	34.30
1333083.00	34.79
1333165.00	35.32
1333493.00	31.39
1333527.00	30.64
1333871.00	32.71
1334209.00	34.60
1334225.00	34.12
1334523.00	35.46
1334550.00	36.94
1334911.00	35.18
1334926.00	30.94
1335243.00	32.32
1335310.00	33.12
1335598.00	31.97
1335654.00	33.72
1335963.00	33.31
1335991.00	33.66
1336324.00	33.80
1336390.00	31.12
1336700.00	30.47
1336752.00	31.94
1337052.00	33.01
1337097.00	33.81
1337342.00	37.46
1337448.00	37.16
1337701.00	33.19
1337843.00	31.36
1338050.00	31.83
1338197.00	33.57
1338403.00	33.37
1338542.00	33.76
1338735.00	34.87
1338889.00	34.82
1339092.00	33.52
1339279.00	31.57
1339448.00	31.61
1339672.00	31.53
1339801.00	31.72
1340017.00	33.86
1340153.00	33.91
1340343.00	34.85
1340511.00	34.52
1340730.00	31.67
1340857.00	32.29
1341149.00	31.13
1341208.00	30.84
1341495.00	33.86
1341535.00	35.03
1341844.00	34.84
1341893.00	33.33
1342229.00	31.75
1342255.00	31.57
1342597.00	32.28
1342608.00	32.69
1342938.00	34.01
1342976.00	33.38
1343278.00	33.43
1343332.00	33.88
1343664.00	31.76
1343694.00	31.53
1344045.00	31.77
1344046.00	32.24
1344384.00	34.16
1344394.00	34.40
1344743.00	33.34
1344750.00	32.86
1345099.00	33.24
1345127.00	32.22
1345450.00	32.17
1345497.00	32.79
1345818.00	31.93
1345833.00	33.55
1346163.00	33.87
1346176.00	34.40
1346531.00	34.45
1346545.00	31.93
1346881.00	32.21
1346929.00	32.17
1347232.00	32.17
1347265.00	34.41
1347588.00	34.08
1347617.00	33.28
1347935.00	33.76
1348000.00	32.32
1348285.00	32.22
1348381.00	32.38
1348610.00	33.63
1348709.00	36.14
1348968.00	34.42
1349025.00	34.99
1349376.00	33.02
1349412.00	29.70
1349727.00	32.04
1349776.00	32.96
1350054.00	34.25
1350098.00	36.36
1350409.00	34.84
1350432.00	34.18
1350789.00	33.18
1350821.00	30.68
1351139.00	31.97
1351195.00	32.58
1351477.00	33.18
1351509.00	36.19
1351799.00	37.74
1351833.00	36.90
1352163.00	38.11
1352191.00	32.82
1352513.00	31.86
1352609.00	30.96
1352877.00	30.31
1352912.00	35.69
1353148.00	41.14
1353234.00	41.51
1353542.00	31.50
1353559.00	33.08
1353909.00	31.78
1353920.00	32.41
1354238.00	35.35
1354240.00	36.37
1354581.00	35.07
1354597.00	33.68
1354969.00	33.10
1354974.00	30.83
1355292.00	34.46
1355319.00	35.41
1355606.00	35.65
1355659.00	36.20
1355910.00	36.82
1356016.00	35.89
1356297.00	31.67
1356354.00	32.65
1356655.00	33.88
1356703.00	33.33
1356976.00	35.29
1357024.00	36.82
1357275.00	38.11
1357380.00	36.25
1357657.00	31.97
1357707.00	33.43
1358022.00	34.15
1358058.00	32.92
1358351.00	34.69
1358419.00	34.27
1358673.00	34.66
1358776.00	34.75
1359053.00	31.96
1359148.00	31.34
1359400.00	32.81
1359499.00	33.81
1359731.00	34.63
1359788.00	38.18
1360068.00	37.86
1360143.00	34.03
1360447.00	32.09
1360490.00	32.57
1360788.00	34.35
1360842.00	34.06
1361119.00	34.53
1361169.00	35.75
1361454.00	35.59
1361526.00	34.14
1361832.00	32.12
1361880.00	32.31
1362211.00	32.19
1362232.00	32.24
1362545.00	34.42
1362582.00	34.57
1362861.00	35.58
1362938.00	35.25
1363237.00	32.21
1363285.00	32.69
1363634.00	32.54
1363644.00	31.32
1363961.00	32.45
1363981.00	35.49
1364318.00	34.03
1364320.00	33.92
1364680.00	33.65
1364696.00	31.94
1365032.00	32.40
1365055.00	33.19
1365386.00	34.48
1365399.00	33.75
1365720.00	33.70
1365756.00	34.24
1366098.00	32.17
1366117.00	31.94
1366469.00	32.36
1366471.00	32.53
1366804.00	34.42
1366817.00	34.62
1367157.00	33.61
1367173.00	33.23
1367522.00	33.57
1367536.00	32.42
1367874.00	32.28
1367901.00	32.92
1368232.00	34.58
1368242.00	33.90
1368559.00	34.06
1368598.00	34.56
1368938.00	32.05
1368955.00	32.00
1369304.00	32.38
1369319.00	32.34
1369652.00	34.62
1369655.00	34.52
1370002.00	33.61
1370012.00	33.38
1370359.00	33.81
1370384.00	32.36
1370709.00	32.21
1370763.00	32.41
1371035.00	33.65
1371090.00	36.14
1371393.00	34.57
1371407.00	35.08
1371795.00	31.72
1371801.00	29.62
1372153.00	31.96
1372159.00	32.87
1372478.00	34.26
1372483.00	36.36
1372819.00	35.60
1372835.00	34.03
1373210.00	31.65
1373214.00	30.61
1373565.00	31.93
1373587.00	32.50
1373904.00	35.97
1374196.00	37.50
1374259.00	36.77
1374589.00	38.08
1374592.00	32.78
1374939.00	31.70
1375014.00	30.82
1375305.00	30.13
1375322.00	35.26
1375560.00	40.89
1375660.00	41.34
1375961.00	31.28
1375986.00	32.76
1376336.00	31.52
1376345.00	32.21
1376667.00	35.07
1376669.00	35.98
1377013.00	34.77
1377025.00	33.57
1377398.00	32.86
1377414.00	30.52
1377738.00	34.07
1377750.00	35.02
1378056.00	35.31
1378090.00	35.85
1378367.00	36.33
1378448.00	35.41
1378761.00	31.32
1378788.00	32.29
1379125.00	33.56
1379137.00	33.06
1379451.00	34.95
1379459.00	36.36
1379756.00	37.67
1379816.00	35.92
1380144.00	37.39
1380146.00	33.16
1380497.00	31.88
1380518.00	32.57
1380852.00	34.37
1380859.00	33.91
1381180.00	34.23
1381217.00	34.37
1381567.00	31.63
1381589.00	31.06
1381921.00	32.47
1381940.00	33.42
1382229.00	37.02
1382258.00	37.86
1382587.00	33.93
1382602.00	33.63
1382935.00	34.10
1382988.00	32.19
1383287.00	31.99
1383335.00	33.71
1383617.00	34.88
1383673.00	35.33
1383974.00	33.93
1384014.00	33.77
1384329.00	33.87
1384398.00	31.93
1384682.00	32.07
1384786.00	31.96
1385033.00	32.00
1385125.00	34.11
1385390.00	33.82
1385448.00	34.79
1385736.00	35.37
1385829.00	32.49
1386088.00	32.20
1386244.00	30.98
1386414.00	32.32
1386587.00	35.30
1386771.00	33.67
1386931.00	33.62
1387133.00	33.40
1387313.00	31.69
1387487.00	32.06
1387677.00	32.82
1387854.00	32.23
1388014.00	33.53
1388212.00	33.98
1388351.00	33.98
1388573.00	33.80
1388733.00	31.74
1388924.00	32.25
1389111.00	32.45
1389272.00	32.55
1389448.00	34.41
1389628.00	34.07
1389804.00	33.14
1389977.00	33.42
1390186.00	32.30
1390328.00	32.25
1390554.00	32.88
1390695.00	32.10
1390888.00	33.69
1391051.00	34.18
1391216.00	34.51
1391406.00	34.60
1391598.00	32.10
1391755.00	32.34
1391979.00	32.30
1392104.00	32.30
1392313.00	34.57
1392459.00	34.28
1392664.00	33.37
1392804.00	33.86
1393045.00	32.49
1393152.00	32.40
1393423.00	32.56
1393475.00	33.82
1393750.00	36.25
1393830.00	34.65
1394065.00	35.40
1394235.00	33.27
1394449.00	29.85
1394583.00	32.32
1394811.00	33.25
1394905.00	34.57
1395133.00	36.64
1395257.00	35.13
1395464.00	34.58
1395632.00	33.55
1395851.00	30.97
1395978.00	32.25
1396222.00	32.90
1396312.00	33.57
1396535.00	36.57
1396663.00	35.71
1396822.00	37.35
1396988.00	38.65
1397211.00	33.27
1397332.00	32.27
1397623.00	31.42
1397691.00	30.75
1397926.00	35.89
1398041.00	36.32
1398158.00	42.27
1398362.00	43.74
1398547.00	33.49
1398705.00	32.37
1398922.00	32.97
1399030.00	33.87
1399236.00	36.88
1399381.00	35.59
1399573.00	34.31
1399745.00	33.71
1399961.00	31.41
1400089.00	32.31
1400276.00	35.82
1400421.00	36.44
1400584.00	36.87
1400771.00	35.95
1400883.00	36.53
1401101.00	37.60
1401263.00	33.45
1401442.00	32.82
1401615.00	34.06
1401755.00	35.66
1401929.00	37.70
1402103.00	35.75
1402220.00	37.10
1402423.00	38.58
1402595.00	34.12
1402766.00	32.93
1402952.00	33.72
1403119.00	33.23
1403273.00	35.14
1403468.00	35.29
1403586.00	35.64
1403831.00	34.99
1403957.00	32.15
1404173.00	33.19
1404295.00	34.70
1404453.00	38.46
1404616.00	39.39
1404802.00	35.23
1404944.00	34.84
1405141.00	35.33
1405312.00	33.43
1405483.00	33.27
1405643.00	35.07
1405804.00	36.26
1405965.00	36.70
1406153.00	35.17
1406288.00	35.11
1406498.00	35.31
1406653.00	33.26
1406843.00	33.31
1407021.00	33.17
1407183.00	33.43
1407344.00	35.61
1407532.00	35.16
1407648.00	36.30
1407869.00	36.86
1408012.00	33.71
1408212.00	33.45
1408405.00	32.17
1408529.00	33.47
1408730.00	36.65
1408877.00	35.05
1409057.00	34.94
1409230.00	34.70
1409419.00	32.96
1409575.00	33.40
1409765.00	34.20
1409932.00	33.57
1410086.00	34.85
1410280.00	35.33
1410407.00	35.38
1410633.00	35.14
1410770.00	32.96
1410975.00	33.40
1411129.00	33.54
1411314.00	33.74
1411450.00	35.73
1411662.00	35.28
1411789.00	34.30
1412002.00	34.70
1412153.00	33.51
1412345.00	33.36
1412505.00	33.91
1412703.00	33.19
1412823.00	35.04
1413052.00	35.51
1413138.00	35.69
1413398.00	35.73
1413502.00	33.20
1413739.00	33.55
1413868.00	33.42
1414081.00	33.37
1414187.00	35.68
1414428.00	35.38
1414523.00	34.51
1414767.00	34.96
1414889.00	33.52
1415106.00	33.52
1415253.00	33.61
1415422.00	34.82
1415568.00	37.40
1415771.00	35.69
1415871.00	36.43
1416167.00	34.34
1416242.00	30.67
1416508.00	33.16
1416591.00	34.20
1416824.00	35.58
1416902.00	37.64
1417169.00	36.01
1417223.00	35.48
1417537.00	34.46
1417598.00	31.80
1417878.00	33.07
1417959.00	33.64
1418205.00	34.33
1418262.00	37.52
1418542.00	39.13
1418549.00	38.19
1418868.00	39.64
1418920.00	34.07
1419206.00	32.97
1419323.00	32.04
1419558.00	31.35
1419618.00	36.77
1419846.00	42.46
1419901.00	42.85
1420215.00	44.48
1420228.00	34.18
1420553.00	32.85
1420595.00	33.52
1420873.00	34.56
1420903.00	37.59
1421215.00	36.35
1421234.00	35.07
1421574.00	34.30
1421616.00	31.87
1421911.00	32.95
1421926.00	36.59
1422229.00	36.91
1422237.00	37.50
1422525.00	38.09
1422579.00	37.19
1422903.00	32.85
1422904.00	33.75
1423239.00	33.26
1423250.00	34.66
1423545.00	36.34
1423561.00	38.25
1423852.00	39.56
1423886.00	37.47
1424200.00	39.00
1424225.00	34.55
1424536.00	33.32
1424581.00	34.12
1424882.00	33.67
1424901.00	35.48
1425214.00	35.89
1425223.00	36.09
1425580.00	35.32
1425585.00	32.42
1425914.00	33.56
1425924.00	35.01
1426190.00	38.72
1426247.00	39.58
1426532.00	35.46
1426576.00	35.18
1426865.00	35.65
1426945.00	33.61
1427202.00	33.45
1427278.00	35.22
1427516.00	36.45
1427603.00	36.94
1427857.00	35.40
1427929.00	35.24
1428197.00	35.34
1428298.00	33.29
1428535.00	33.39
1428670.00	33.26
1428870.00	33.42
1428997.00	35.60
1429213.00	35.19
1429307.00	36.24
1429546.00	36.81
1429675.00	33.71
1429883.00	33.44
1430075.00	32.24
1430196.00	33.64
1430405.00	36.68
1430539.00	34.97
1430738.00	34.92
1430888.00	34.62
1431106.00	32.84
1431229.00	33.24
1431457.00	34.06
1431583.00	33.42
1431784.00	34.65
1431927.00	35.19
1432110.00	35.24
1432276.00	35.00
1432481.00	32.85
1432615.00	33.35
1432848.00	33.43
1432952.00	33.49
1433174.00	35.55
1433296.00	35.19
1433522.00	34.10
1433633.00	34.45
1433893.00	33.36
1433973.00	33.25
1434250.00	33.88
1434329.00	33.00
1434575.00	34.62
1434674.00	35.25
1434896.00	35.53
1435018.00	35.48
1435268.00	32.91
1435357.00	33.21
1435642.00	33.17
1435696.00	33.17
1435968.00	35.45
1436041.00	35.19
1436310.00	34.30
1436377.00	34.70
1436684.00	33.28
1436714.00	33.23
1437030.00	34.39
1437055.00	34.56
1437375.00	37.11
1437376.00	35.49
1437684.00	36.15
1437771.00	34.08
1438063.00	30.53
1438111.00	32.96
1438418.00	33.92
1438425.00	35.31
1438733.00	37.46
1438769.00	35.77
1439060.00	35.09
1439137.00	34.06
1439442.00	31.51
1439474.00	32.94
1439801.00	33.47
1439808.00	34.06
1440115.00	37.20
1440144.00	36.41
1440398.00	38.04
1440462.00	39.28
1440782.00	33.85
1440799.00	32.86
1441150.00	32.16
1441191.00	31.18
1441490.00	36.55
1441494.00	36.89
1441719.00	42.73
1441807.00	44.43
1442104.00	34.12
1442144.00	32.78
1442462.00	33.82
1442476.00	34.40
1442787.00	37.46
1442805.00	36.16
1443120.00	34.97
1443163.00	34.15
1443499.00	35.27
1443506.00	32.79
1443816.00	36.53
1443824.00	37.13
1444122.00	37.44
1444167.00	36.49
1444419.00	37.01
1444490.00	38.07
1444797.00	33.86
1444825.00	33.26
1445131.00	34.81
1445145.00	36.11
1445457.00	38.07
1445471.00	36.20
1445748.00	37.57
1445784.00	39.06
1446119.00	37.88
1446120.00	33.47
1446464.00	32.91
1446474.00	33.71
1446794.00	35.54
1446806.00	35.74
1447104.00	36.28
1447160.00	35.59
1447473.00	32.60
1447494.00	33.70
1447768.00	37.50
1447809.00	39.03
1448108.00	34.86
1448128.00	35.73
1448440.00	36.20
1448453.00	35.92
1448774.00	35.76
1448819.00	33.73
1449086.00	34.97
1449148.00	36.78
1449425.00	35.28
1449467.00	35.84
1449762.00	35.94
1449790.00	35.77
1450096.00	35.93
1450153.00	33.86
1450430.00	33.92
1450518.00	33.87
1450770.00	33.56
1450839.00	35.73
1451098.00	36.36
1451142.00	37.52
1451431.00	37.14
1451502.00	34.00
1451741.00	35.36
1451894.00	34.03
1452079.00	32.45
1452216.00	35.72
1452424.00	35.42
1452540.00	35.30
1452759.00	35.76
1452901.00	33.95
1453107.00	33.29
1453243.00	34.10
1453446.00	34.55
1453562.00	35.90
1453789.00	35.75
1453879.00	35.86
1454121.00	36.38
1454239.00	34.10
1454452.00	34.16
1454596.00	34.34
1454790.00	33.97
1454914.00	35.89
1455120.00	36.37
1455248.00	35.54
1455453.00	35.33
1455609.00	34.05
1455802.00	33.24
1455956.00	33.80
1456141.00	34.30
1456270.00	36.14
1456477.00	36.29
1456579.00	36.59
1456810.00	36.75
1456939.00	34.10
1457142.00	34.15
1457299.00	34.06
1457481.00	33.74
1457613.00	36.19
1457811.00	36.56
1457944.00	35.59
1458142.00	35.65
1458304.00	34.26
1458451.00	35.47
1458660.00	35.61
1458792.00	33.82
1458969.00	36.40
1459180.00	34.31
1459266.00	34.95
1459514.00	37.40
1459628.00	33.91
1459824.00	35.34
1459970.00	36.34
1460163.00	34.65
1460273.00	36.88
1460524.00	35.82
1460586.00	35.20
1460858.00	36.52
1460952.00	33.77
1461180.00	34.43
1461302.00	35.12
1461518.00	34.26
1461595.00	37.53
1461832.00	38.86
1461867.00	40.50
1462166.00	39.43
1462234.00	33.70
1462513.00	32.98
1462624.00	32.08
1462852.00	32.48
1462909.00	38.04
1463129.00	44.15
1463162.00	45.78
1463495.00	44.52
1463498.00	33.71
1463810.00	34.72
1463851.00	35.45
1464150.00	37.04
1464468.00	35.86
1464505.00	35.22
1464836.00	32.69
1464840.00	33.63
1465133.00	37.42
1465162.00	38.13
1465426.00	38.40
1465502.00	37.43
1465710.00	38.14
1465825.00	39.11
1466072.00	34.61
1466157.00	34.01
1466405.00	35.38
1466461.00	37.13
1466704.00	39.14
1466800.00	37.13
1466982.00	38.62
1467112.00	40.13
1467339.00	35.49
1467447.00	34.13
1467680.00	34.91
1467790.00	34.55
1467985.00	36.47
1468131.00	36.57
1468284.00	37.03
1468484.00	36.34
1468639.00	33.23
1468817.00	34.34
1468961.00	36.04
1469092.00	39.71
1469269.00	40.61
1469431.00	36.56
1469583.00	36.20
1469762.00	36.67
1469935.00	34.63
1470094.00	34.47
1470252.00	36.27
1470407.00	37.40
1470562.00	37.88
1470747.00	36.39
1470872.00	36.33
1471084.00	36.48
1471222.00	34.31
1471419.00	34.41
1471575.00	34.27
1471751.00	34.48
1471886.00	36.74
1472091.00	36.32
1472179.00	37.55
1472420.00	38.08
1472528.00	34.78
1472753.00	34.57
1472908.00	33.23
1473063.00	34.54
1473221.00	37.82
1473402.00	36.20
1473535.00	36.14
1473747.00	35.88
1473885.00	33.95
1474082.00	34.36
1474217.00	35.22
1474430.00	34.62
1474527.00	35.99
1474769.00	36.44
1474836.00	36.44
1475113.00	36.24
1475186.00	34.05
1475445.00	34.62
1475534.00	34.67
1475776.00	34.78
1475843.00	36.91
1476114.00	36.49
1476170.00	35.44
1476445.00	35.86
1476521.00	34.63
1476777.00	34.47
1476860.00	35.07
1477126.00	34.25
1477167.00	36.07
1477465.00	36.56
1477470.00	36.88
1477802.00	36.98
1477822.00	34.26
1478134.00	34.52
1478176.00	34.38
1478465.00	34.44
1478483.00	36.92
1478803.00	36.55
1478808.00	35.55
1479133.00	35.97
1479162.00	34.54
1479464.00	34.54
1479512.00	34.68
1479772.00	35.95
1479815.00	38.63
1480108.00	39.23
1480110.00	37.53
1480466.00	33.93
1480497.00	31.72
1480803.00	32.70
1480831.00	35.17
1481103.00	37.32
1481138.00	38.82
1481412.00	38.31
1481475.00	36.60
1481775.00	33.71
1481836.00	32.59
1482124.00	33.24
1482166.00	34.67
1482415.00	38.04
1482487.00	38.65
1482685.00	40.31
1482824.00	39.43
1483050.00	33.71
1483136.00	35.06
1483440.00	34.02
1483467.00	32.99
1483725.00	38.52
1483813.00	37.64
1483944.00	44.00
1484149.00	44.55
1484313.00	33.45
1484457.00	35.05
1484667.00	35.81
1484788.00	34.48
1484965.00	37.56
1485101.00	38.59
1485284.00	37.34
1485439.00	35.95
1485653.00	33.35
1485791.00	32.65
1485952.00	36.43
1486124.00	37.44
1486246.00	37.78
1486444.00	38.44
1486531.00	39.08
1486782.00	38.10
1486895.00	33.61
1487103.00	34.59
1487230.00	35.99
1487434.00	35.33
1487532.00	37.25
1487736.00	39.01
1487812.00	40.54
1488074.00	38.46
1488172.00	33.79
1488383.00	35.43
1488516.00	36.24
1488716.00	34.86
1488825.00	36.75
1489057.00	36.39
1489126.00	36.89
1489396.00	37.00
1489484.00	33.93
1489747.00	33.33
1489811.00	34.84
1490077.00	35.86
1490122.00	36.79
1490350.00	40.60
1490439.00	40.30
1490688.00	36.07
1490795.00	33.93
1491016.00	34.51
1491117.00	36.36
1491347.00	36.09
1491429.00	36.62
1491657.00	37.88
1491743.00	37.76
1491995.00	36.19
1492098.00	33.97
1492330.00	34.18
1492456.00	34.14
1492662.00	34.24
1492771.00	36.50
1492993.00	36.61
1493068.00	37.68
1493331.00	37.26
1493422.00	34.11
1493658.00	34.76
1493806.00	33.37
1493988.00	33.15
1494123.00	36.49
1494297.00	37.77
1494442.00	37.59
1494634.00	35.94
1494796.00	34.12
1494977.00	33.86
1495134.00	34.65
1495310.00	35.06
1495448.00	36.40
1495656.00	35.78
1495760.00	35.90
1495994.00	36.36
1496115.00	34.12
1496334.00	33.91
1496469.00	33.96
1496666.00	34.43
1496782.00	36.56
1496995.00	36.78
1497112.00	35.75
1497331.00	35.33
1497468.00	34.08
1497660.00	34.51
1497813.00	35.08
1497991.00	34.87
1498122.00	36.81
1498338.00	36.09
1498429.00	36.21
1498674.00	36.72
1498784.00	34.12
1499010.00	34.12
1499141.00	34.08
1499339.00	34.51
1499453.00	36.84
1499668.00	36.78
1499781.00	35.81
1500004.00	35.49
1500137.00	34.13
1500332.00	34.56
1500491.00	34.70
1500659.00	34.65
1500797.00	37.21
1500966.00	38.44
1501093.00	39.15
1501301.00	37.55
1501452.00	33.99
1501686.00	31.75
1501792.00	32.66
1502014.00	35.23
1502093.00	37.47
1502319.00	38.88
1502404.00	38.25
1502653.00	36.58
1502768.00	33.82
1503010.00	32.68
1503117.00	33.38
1503339.00	34.84
1503409.00	38.13
1503655.00	38.81
1503679.00	40.46
1503989.00	39.51
1504046.00	33.74
1504296.00	35.24
1504433.00	34.41
1504624.00	33.18
1504719.00	38.63
1504938.00	44.73
1504965.00	44.05
1505298.00	44.46
1505306.00	33.74
1505603.00	35.36
1505658.00	36.10
1505928.00	34.91
1505954.00	38.02
1506237.00	39.03
1506272.00	37.71
1506569.00	36.27
1506638.00	33.78
1506915.00	33.12
1506935.00	36.92
1507227.00	37.27
1507242.00	38.26
1507509.00	38.83
1507557.00	39.51
1507868.00	35.11
1507889.00	34.20
1508201.00	35.49
1508204.00	36.45
1508498.00	38.59
1508528.00	38.07
1508774.00	39.58
1508825.00	41.18
1509129.00	36.43
1509156.00	34.44
1509460.00	36.03
1509468.00	36.87
1509771.00	38.95
1509786.00	37.52
1510067.00	37.91
1510122.00	37.48
1510419.00	34.32
1510454.00	34.48
1510741.00	36.09
1510801.00	35.37
1511044.00	36.40
1511126.00	37.56
1511355.00	37.18
1511393.00	41.06
1511705.00	38.89
1511726.00	34.57
1512018.00	36.56
1512050.00	37.00
1512324.00	37.43
1512376.00	37.32
1512632.00	37.26
1512683.00	38.44
1512978.00	36.23
1513015.00	34.66
1513327.00	34.57
1513346.00	34.73
1513635.00	37.04
1513675.00	37.09
1513924.00	38.36
1514002.00	38.47
1514268.00	35.09
1514337.00	34.71
1514643.00	33.34
1514661.00	33.94
1514951.00	37.42
1514989.00	37.20
1515261.00	37.02
1515295.00	38.19
1515606.00	36.26
1515629.00	34.76
1515934.00	35.65
1515969.00	35.28
1516239.00	36.64
1516300.00	37.06
1516544.00	37.12
1516645.00	36.50
1516888.00	34.25
1516980.00	34.76
1517231.00	34.81
1517319.00	34.55
1517537.00	36.69
1517649.00	37.22
1517858.00	36.25
1517975.00	36.36
1518204.00	35.04
1518310.00	34.66
1518539.00	35.27
1518638.00	35.65
1518840.00	37.52
1518967.00	37.35
1519139.00	37.62
1519313.00	36.84
1519484.00	34.10
1519648.00	34.61
1519832.00	34.51
1519982.00	34.56
1520135.00	37.08
1520311.00	37.34
1520454.00	36.43
1520640.00	36.43
1520801.00	34.88
1520974.00	34.61
1521147.00	34.71
1521302.00	35.03
1521443.00	37.79
1521629.00	37.85
1521732.00	38.47
1521935.00	39.77
1522083.00	36.14
1522270.00	34.41
1522414.00	35.38
1522654.00	33.14
1522708.00	35.38
1522984.00	37.89
1523011.00	37.35
1523289.00	38.88
1523366.00	35.97
1523623.00	34.23
1523707.00	34.91
1523978.00	33.91
1523992.00	37.38
1524257.00	38.87
1524307.00	40.13
1524613.00	34.40
1524623.00	35.14
1524956.00	34.24
1524993.00	33.28
1525265.00	34.61
1525272.00	40.25
1525486.00	46.59
1525592.00	45.54
1525845.00	34.42
1525933.00	33.73
1526190.00	34.45
1526266.00	34.81
1526480.00	37.93
1526570.00	39.62
1526791.00	38.38
1526896.00	37.07
1527150.00	34.48
1527205.00	35.47
1527442.00	39.31
1527538.00	37.93
1527727.00	38.36
1527884.00	37.69
1528004.00	38.37
1528210.00	39.41
1528357.00	34.80
1528525.00	35.43
1528684.00	36.71
1528857.00	35.81
1528975.00	37.97
1529171.00	38.99
1529247.00	40.56
1529495.00	39.97
1529596.00	35.11
1529791.00	36.78
1529929.00	37.59
1530122.00	35.54
1530228.00	37.55
1530426.00	39.14
1530521.00	39.61
1530751.00	38.30
1530867.00	35.15
1531085.00	34.61
1531183.00	36.22
1531417.00	36.44
1531484.00	37.37
1531761.00	36.64
1531791.00	36.32
1532084.00	37.49
1532135.00	35.31
1532351.00	39.14
1532445.00	41.06
1532682.00	36.85
1532748.00	37.29
1533004.00	37.73
1533052.00	37.67
1533328.00	37.56
1533395.00	35.40
1533633.00	36.60
1533741.00	36.35
1533963.00	34.77
1534046.00	37.17
1534291.00	37.34
1534333.00	38.48
1534618.00	38.54
1534674.00	35.24
1534941.00	35.46
1535047.00	34.07
1535273.00	33.63
1535353.00	37.05
1535594.00	37.60
1535661.00	37.54
1535920.00	37.26
1536003.00	35.29
1536223.00	36.66
1536330.00	37.45
1536554.00	35.81
1536633.00	37.24
1536892.00	36.92
1536935.00	36.98
1537220.00	37.41
1537280.00	35.03
1537561.00	34.40
1537620.00	34.55
1537894.00	35.02
1537924.00	37.12
1538231.00	36.86
1538245.00	35.89
1538558.00	36.48
1538588.00	35.19
1538883.00	35.25
1538921.00	35.87
1539215.00	35.43
1539222.00	37.26
1539519.00	37.46
1539540.00	37.89
1539863.00	35.25
1539868.00	35.08
1540210.00	34.93
1540212.00	34.15
1540511.00	36.81
1540543.00	37.38
1540830.00	36.21
1540877.00	36.15
1541176.00	34.76
1541202.00	35.20
1541519.00	35.30
1541529.00	35.19
1541816.00	37.91
1541862.00	37.54
1542103.00	38.16
1542185.00	38.76
1542452.00	35.11
1542511.00	34.95
1542784.00	35.86
1542815.00	37.17
1543075.00	39.55
1543148.00	37.86
1543378.00	37.13
1543529.00	34.90
1543732.00	32.10
1543857.00	34.60
1544073.00	35.28
1544159.00	36.83
1544357.00	40.25
1544490.00	38.54
1544621.00	40.19
1544844.00	39.04
1544977.00	33.23
1545170.00	34.66
1545356.00	33.57
1545484.00	34.26
1545633.00	40.02
1545815.00	39.12
1545847.00	45.38
1546121.00	46.78
1546205.00	35.70
1546446.00	34.58
1546549.00	35.25
1546785.00	34.50
1546838.00	37.76
1547114.00	38.29
1547148.00	36.91
1547416.00	38.51
1547507.00	35.96
1547739.00	34.69
1547797.00	38.48
1548046.00	39.49
1548082.00	39.99
1548358.00	40.67
1548376.00	39.27
1548711.00	34.58
1548719.00	33.91
1549036.00	35.30
1549044.00	36.25
1549327.00	38.37
1549357.00	39.06
1549598.00	40.64
1549685.00	39.78
1549945.00	34.93
1549997.00	35.86
1550277.00	36.68
1550318.00	36.15
1550575.00	38.18
1550614.00	39.80
1550867.00	40.21
1550941.00	38.31
1551211.00	35.14
1551243.00	36.58
1551526.00	38.20
1551566.00	36.94
1551825.00	37.94
1551897.00	37.50
1552129.00	37.17
1552226.00	37.28
1552472.00	35.08
1552569.00	34.40
1552781.00	36.29
1552888.00	37.53
1553081.00	38.10
1553153.00	41.86
1553383.00	41.80
1553481.00	37.53
1553723.00	35.33
1553800.00	35.84
1554066.00	35.59
1554123.00	35.42
1554367.00	37.86
1554424.00	39.20
1554652.00	40.38
1554751.00	38.70
1554991.00	35.28
1555077.00	35.45
1555359.00	34.13
1555400.00	34.24
1555662.00	37.74
1555721.00	37.86
1555968.00	37.66
1556049.00	37.27
1556306.00	35.39
1556366.00	36.07
1556629.00	36.88
1556688.00	36.47
1556928.00	38.00
1556987.00	39.47
1557227.00	39.40
1557314.00	37.71
1557567.00	35.39
1557647.00	35.07
1557903.00	35.22
1557971.00	35.77
1558203.00	37.87
1558307.00	37.17
1558519.00	36.23
1558635.00	36.71
1558858.00	35.44
1558967.00	35.12
1559186.00	35.70
1559288.00	36.42
1559483.00	38.24
1559607.00	38.24
1559774.00	38.72
1559934.00	38.33
1560114.00	35.39
1560254.00	35.84
1560455.00	35.74
1560575.00	35.62
1560752.00	38.18
1560913.00	37.31
1561065.00	36.36
1561240.00	36.95
1561405.00	35.45
1561565.00	35.56
1561743.00	35.61
1561886.00	35.78
1562034.00	38.66
1562207.00	38.72
1562315.00	39.30
1562535.00	38.90
1562659.00	35.19
1562854.00	35.58
1562983.00	36.59
1563174.00	36.65
1563270.00	39.06
1563473.00	40.30
1563567.00	39.53
1563801.00	37.74
1563913.00	34.93
1564177.00	32.69
1564249.00	33.25
1564501.00	35.82
1564527.00	39.50
1564785.00	40.98
1564800.00	42.51
1565127.00	40.81
1565134.00	34.95
1565477.00	33.76
1565506.00	32.71
1565778.00	38.61
1565799.00	40.03
1565987.00	46.48
1566110.00	47.12
1566339.00	35.72
1566438.00	34.74
1566676.00	35.44
1566741.00	36.98
1566960.00	40.25
1567063.00	39.03
1567263.00	37.73
1567398.00	37.02
1567615.00	34.32
1567726.00	34.69
1567900.00	38.63
1568025.00	40.37
1568179.00	40.81
1568347.00	39.46
1568451.00	40.01
1568651.00	41.03
1568798.00	36.40
1568979.00	34.98
1569117.00	36.37
1569322.00	35.63
1569403.00	37.82
1569644.00	38.89
1569669.00	40.44
1569954.00	41.15
1570012.00	36.23
1570282.00	35.18
1570339.00	36.03
1570593.00	37.01
1570632.00	38.98
1570914.00	38.44
1570920.00	38.86
1571207.00	40.56
1571259.00	37.48
1571533.00	35.45
1571570.00	37.01
1571834.00	38.51
1571867.00	39.47
1572157.00	38.19
1572168.00	37.86
1572487.00	37.42
1572507.00	35.28
1572812.00	37.10
1572816.00	37.15
1573111.00	37.67
1573158.00	37.04
1573410.00	36.97
1573478.00	38.11
1573742.00	42.01
1573747.00	39.84
1574068.00	35.60
1574089.00	35.34
1574387.00	35.80
1574389.00	38.16
1574670.00	39.41
1574708.00	39.24
1575007.00	35.83
1575009.00	37.05
1575336.00	35.49
1575374.00	34.11
1575662.00	34.16
1575676.00	37.64
1575979.00	37.57
1575984.00	37.80
1576305.00	37.91
1576317.00	35.89
1576632.00	35.55
1576638.00	36.36
1576936.00	37.84
1576949.00	38.29
1577235.00	38.29
1577271.00	38.12
1577569.00	39.53
1577573.00	37.14
1577896.00	35.45
1577910.00	35.55
1578209.00	37.84
1578228.00	37.46
1578525.00	36.33
1578550.00	36.93
1578864.00	35.67
1578887.00	34.86
1579193.00	35.38
1579214.00	35.97
1579490.00	37.90
1579545.00	37.58
1579783.00	37.85
1579866.00	38.45
1580123.00	35.68
1580186.00	35.73
1580467.00	35.58
1580511.00	35.30
1580764.00	37.96
1580830.00	38.30
1581079.00	37.22
1581152.00	37.11
1581421.00	35.57
1581489.00	34.70
1581762.00	34.75
1581815.00	35.34
1582055.00	38.17
1582141.00	38.17
1582339.00	38.81
1582460.00	39.26
1582686.00	35.55
1582781.00	35.37
1583013.00	36.31
1583106.00	36.08
1583302.00	38.51
1583425.00	38.85
1583602.00	38.10
1583744.00	38.10
1583954.00	35.20
1584042.00	36.50
1584291.00	37.25
1584369.00	35.49
1584575.00	38.83
1584742.00	36.61
1584836.00	38.36
1585064.00	40.92
1585189.00	35.08
1585362.00	36.50
1585567.00	35.39
1585688.00	33.69
1585843.00	39.41
1586035.00	38.32
1586055.00	44.76
1586357.00	46.14
1586411.00	34.85
1586666.00	35.50
1586755.00	36.17
1586991.00	35.30
1587042.00	38.65
1587294.00	40.03
1587351.00	38.57
1587613.00	37.53
1587709.00	34.97
1587948.00	34.14
1587998.00	38.02
1588273.00	38.51
1588280.00	38.94
1588556.00	39.47
1588572.00	41.11
1588891.00	39.81
1588908.00	35.20
1589194.00	36.17
1589233.00	37.57
1589522.00	36.08
1589524.00	38.27
1589794.00	39.78
1589863.00	39.14
1590142.00	34.30
1590185.00	35.27
1590474.00	35.98
1590496.00	36.63
1590771.00	38.77
1590822.00	37.90
1591063.00	38.24
1591133.00	39.11
1591409.00	36.01
1591454.00	35.42
1591723.00	37.05
1591747.00	38.80
1592024.00	39.67
1592074.00	37.64
1592329.00	37.38
1592374.00	38.88
1592673.00	36.74
1592696.00	35.52
1592983.00	37.35
1593027.00	36.80
1593285.00	37.37
1593356.00	37.47
1593588.00	37.41
1593698.00	36.78
1593930.00	34.45
1594017.00	35.64
1594276.00	35.54
1594282.00	39.30
1594580.00	41.67
1594608.00	37.51
1594866.00	38.67
1594928.00	39.06
1595207.00	35.79
1595250.00	35.62
1595551.00	36.89
1595578.00	35.45
1595879.00	33.84
1595882.00	37.34
1596190.00	37.08
1596204.00	37.25
1596527.00	37.36
1596532.00	35.51
1596848.00	35.68
1596856.00	36.64
1597158.00	37.91
1597175.00	37.46
1597460.00	37.53
1597493.00	38.09
1597802.00	35.80
1597815.00	35.57
1598115.00	36.97
1598140.00	37.13
1598442.00	35.44
1598443.00	37.39
1598761.00	36.54
1598776.00	36.21
1599099.00	36.76
1599103.00	35.51
1599433.00	36.14
1599436.00	35.38
1599733.00	37.11
1599764.00	37.59
1600026.00	37.99
1600096.00	37.83
1600369.00	34.97
1600418.00	35.41
1600713.00	35.36
1600738.00	35.53
1601012.00	38.17
1601064.00	37.84
1601327.00	36.71
1601385.00	37.05
1601671.00	35.53
1601708.00	35.36
1602012.00	35.51
1602046.00	34.70
1602305.00	37.60
1602373.00	38.19
1602589.00	38.75
1602700.00	38.75
1602935.00	35.04
1603021.00	35.37
1603262.00	36.36
1603343.00	36.36
1603551.00	38.73
1603670.00	38.40
1603851.00	37.65
1603989.00	38.04
1604201.00	35.24
1604309.00	35.30
1604537.00	36.00
1604607.00	37.30
1604819.00	40.73
1604935.00	38.98
1605080.00	40.58
1605309.00	38.32
1605431.00	32.53
1605630.00	35.13
1605806.00	34.06
1605927.00	35.54
1606079.00	41.41
1606254.00	39.59
1606290.00	45.93
1606602.00	44.89
1606644.00	33.62
1606923.00	34.93
1606985.00	35.57
1607232.00	36.34
1607270.00	39.73
1607556.00	38.85
1607575.00	37.56
1607858.00	38.88
1607930.00	36.14
1608179.00	35.05
1608216.00	39.00
1608496.00	39.45
1608511.00	38.78
1608769.00	39.40
1608835.00	39.84
1609117.00	35.11
1609134.00	36.69
1609437.00	38.17
1609452.00	36.87
1609723.00	39.06
1609753.00	40.17
1609991.00	41.55
1610078.00	40.10
1610334.00	35.35
1610417.00	34.60
1610661.00	35.45
1610736.00	36.59
1610953.00	38.63
1611044.00	39.17
1611240.00	39.59
1611368.00	38.70
1611580.00	35.51
1611675.00	36.57
1611890.00	38.31
1611991.00	37.65
1612184.00	38.55
1612282.00	40.21
1612484.00	39.88
1612604.00	37.93
1612821.00	35.77
1612902.00	37.31
1613125.00	39.21
1613220.00	37.90
1613420.00	38.49
1613547.00	37.98
1613718.00	37.85
1613871.00	38.01
1614052.00	35.76
1614209.00	35.01
1614390.00	34.85
1614525.00	36.07
1614687.00	38.47
1614785.00	42.49
1614966.00	43.77
1615109.00	39.35
1615300.00	35.87
1615423.00	36.34
1615662.00	34.97
1615741.00	34.80
1615960.00	38.36
1616037.00	39.73
1616259.00	39.60
1616362.00	37.88
1616592.00	35.87
1616682.00	36.04
1616910.00	36.93
1617001.00	37.11
1617204.00	38.56
1617317.00	38.62
1617498.00	38.69
1617641.00	38.28
1617832.00	35.82
1617954.00	36.46
1618163.00	36.67
1618272.00	36.37
1618456.00	38.63
1618567.00	40.07
1618768.00	38.91
1618891.00	37.18
1619101.00	35.93
1619218.00	35.65
1619423.00	36.25
1619538.00	36.70
1619716.00	38.58
1619870.00	37.92
1620002.00	38.34
1620194.00	38.83
1620335.00	35.93
1620521.00	35.76
1620672.00	35.60
1620838.00	36.05
1620963.00	38.70
1621153.00	38.87
1621271.00	37.89
1621476.00	37.42
1621604.00	35.93
1621792.00	36.33
1621938.00	36.33
1622110.00	36.21
1622224.00	39.12
1622443.00	38.29
1622501.00	39.03
1622766.00	39.64
1622839.00	35.72
1623088.00	35.72
1623157.00	36.76
1623405.00	37.11
1623440.00	39.53
1623721.00	39.47
1623731.00	38.75
1624044.00	38.47
1624073.00	35.52
1624358.00	35.92
1624402.00	36.60
1624674.00	36.54
1624676.00	40.14
1624930.00	41.92
1624968.00	43.39
1625273.00	37.28
1625291.00	35.41
1625640.00	34.29
1625661.00	32.01
1625906.00	38.11
1625977.00	40.73
1626113.00	47.18
1626271.00	48.63
1626458.00	37.06
1626592.00	35.37
1626789.00	36.15
1626935.00	35.02
1627068.00	38.34
1627252.00	39.75
1627367.00	38.34
1627556.00	39.01
1627713.00	36.39
1627877.00	35.48
1627992.00	39.60
1628175.00	40.96
1628267.00	41.19
1628490.00	40.18
1628532.00	40.90
1628819.00	40.10
1628872.00	35.28
1629139.00	35.68
1629186.00	37.11
1629433.00	38.86
1629466.00	41.22
1629727.00	42.67
1629746.00	41.33
1630044.00	42.40
1630062.00	37.42
1630365.00	35.93
1630384.00	36.70
1630670.00	38.95
1630699.00	38.23
1630950.00	38.67
1631014.00	39.74
1631283.00	36.44
1631318.00	37.12
1631587.00	38.82
1631638.00	37.91
1631876.00	38.78
1631940.00	39.75
1632170.00	39.48
1632253.00	38.86
1632501.00	36.67
1632539.00	38.45
1632800.00	40.30
1632858.00	38.17
1633091.00	38.78
1633152.00	40.42
1633382.00	40.28
1633467.00	38.81
1633711.00	36.54
1633790.00	36.20
1634044.00	35.98
1634109.00	36.15
1634337.00	38.57
1634443.00	37.79
1634612.00	39.11
1634755.00	40.30
1634942.00	36.78
1635012.00	40.82
1635299.00	39.42
1635332.00	34.97
1635594.00	38.50
1635642.00	39.10
1635890.00	38.96
1635956.00	38.72
1636219.00	36.78
1636249.00	38.06
1636533.00	38.92
1636568.00	37.28
1636825.00	38.71
1636886.00	38.82
1637115.00	38.82
1637200.00	39.00
1637446.00	36.56
1637513.00	36.62
1637774.00	36.83
1637832.00	36.42
1638067.00	38.58
1638141.00	39.24
1638375.00	38.19
1638455.00	37.94
1638705.00	36.67
1638747.00	37.95
1639026.00	38.45
1639066.00	36.87
1639317.00	38.84
1639390.00	38.55
1639602.00	38.91
1639706.00	39.37
1639934.00	36.50
1640033.00	35.86
1640269.00	35.65
1640351.00	36.05
1640559.00	38.85
1640675.00	38.56
1640865.00	37.37
1640988.00	38.01
1641199.00	36.51
1641299.00	36.63
1641531.00	36.63
1641618.00	36.15
1641816.00	39.13
1641930.00	39.55
1642093.00	40.15
1642244.00	40.02
1642430.00	36.24
1642572.00	35.44
1642751.00	36.37
1642891.00	36.93
1643032.00	39.41
1643209.00	39.35
1643325.00	38.64
1643521.00	39.05
1643667.00	36.15
1643833.00	36.15
1643994.00	36.84
1644152.00	36.42
1644269.00	39.89
1644462.00	40.42
1644524.00	42.10
1644774.00	41.98
1644869.00	36.00
1645063.00	37.51
1645235.00	36.43
1645383.00	34.52
1645503.00	40.44
1645710.00	47.06
1645747.00	44.78
1646056.00	33.16
1646060.00	35.79
1646349.00	37.36
1646388.00	38.12
1646666.00	36.27
1646668.00	39.56
1646968.00	38.16
1647004.00	37.06
1647315.00	34.45
1647317.00	35.84
1647595.00	39.78
1647617.00	40.60
1647871.00	40.98
1647934.00	39.92
1648138.00	40.73
1648227.00	42.25
1648478.00	37.43
1648540.00	36.20
1648793.00	37.52
1648863.00	36.88
1649075.00	39.13
1649179.00	39.59
1649336.00	41.27
1649468.00	42.88
1649672.00	37.84
1649778.00	36.59
1649995.00	37.30
1650072.00	38.27
1650283.00	40.49
1650388.00	39.09
1650565.00	39.53
1650718.00	38.79
1650898.00	35.59
1651029.00	36.63
1651204.00	38.19
1651329.00	38.88
1651493.00	40.09
1651645.00	39.15
1651788.00	38.67
1651944.00	39.73
1652120.00	37.51
1652253.00	36.81
1652419.00	38.76
1652536.00	40.59
1652710.00	41.20
1652851.00	39.07
1653002.00	38.93
1653140.00	40.48
1653332.00	38.16
1653452.00	36.79
1653666.00	36.63
1653770.00	36.15
1653959.00	38.50
1654087.00	38.62
1654235.00	39.92
1654416.00	39.30
1654564.00	35.86
1654725.00	36.97
1654921.00	35.56
1654979.00	39.78
1655215.00	43.32
1655294.00	38.80
1655511.00	38.66
1655602.00	38.96
1655840.00	36.97
1655912.00	36.91
1656153.00	37.82
1656203.00	39.06
1656445.00	40.48
1656519.00	38.94
1656735.00	39.08
1656832.00	39.26
1657064.00	36.73
1657144.00	36.73
1657391.00	36.89
1657453.00	37.08
1657683.00	39.24
1657770.00	38.75
1657989.00	37.83
1658076.00	38.50
1658319.00	37.10
1658386.00	36.91
1658639.00	37.53
1658676.00	38.78
1658927.00	40.77
1658991.00	39.09
1659211.00	39.31
1659312.00	39.08
1659541.00	36.31
1659625.00	36.78
1659872.00	36.62
1659950.00	35.87
1660161.00	38.51
1660266.00	39.08
1660466.00	38.08
1660586.00	37.78
1660796.00	36.26
1660897.00	36.79
1661125.00	36.84
1661207.00	36.97
1661408.00	39.88
1661522.00	39.46
1661683.00	40.14
1661831.00	40.62
1662016.00	36.76
1662143.00	36.58
1662333.00	37.58
1662469.00	36.77
1662612.00	39.24
1662785.00	39.81
1662901.00	39.08
1663100.00	39.02
1663240.00	36.02
1663410.00	36.44
1663565.00	37.19
1663721.00	37.07
1663837.00	40.68
1664037.00	40.44
1664089.00	42.07
1664346.00	42.44
1664429.00	36.34
1664655.00	36.34
1664793.00	35.25
1664943.00	36.64
1665058.00	42.68
1665261.00	40.75
1665263.00	47.40
1665605.00	35.80
1665624.00	33.55
1665934.00	34.12
1665936.00	36.73
1666211.00	40.15
1666225.00	41.65
1666508.00	40.22
1666541.00	38.53
1666852.00	35.82
1666879.00	34.60
1667131.00	38.67
1667190.00	40.13
1667403.00	40.60
1667490.00	41.29
1667669.00	41.86
1667806.00	40.93
1668007.00	36.13
1668099.00	37.53
1668320.00	38.98
1668409.00	37.88
1668599.00	40.11
1668734.00	39.29
1668860.00	40.84
1669049.00	41.36
1669195.00	36.28
1669338.00	37.90
1669515.00	38.72
1669648.00	37.47
1669802.00	39.59
1669942.00	40.56
1670083.00	41.00
1670258.00	39.60
1670415.00	36.38
1670588.00	35.65
1670720.00	37.22
1670899.00	38.25
1671010.00	39.32
1671200.00	40.02
1671303.00	39.74
1671515.00	38.86
1671636.00	36.50
1671815.00	37.38
1671935.00	39.34
1672123.00	38.76
1672227.00	39.31
1672405.00	41.13
1672519.00	40.99
1672721.00	38.74
1672849.00	36.49
1673011.00	38.16
1673183.00	37.95
1673322.00	36.58
1673477.00	39.04
1673640.00	38.69
1673753.00	40.00
1673957.00	40.06
1674083.00	36.54
1674286.00	35.75
1674442.00	34.26
1674595.00	35.53
1674737.00	39.09
1674849.00	43.07
1675035.00	42.93
1675164.00	38.53
1675365.00	36.50
1675472.00	36.98
1675680.00	37.89
1675783.00	37.64
1675973.00	39.11
1676073.00	40.56
1676264.00	40.56
1676388.00	38.87
1676597.00	36.44
1676701.00	36.50
1676927.00	36.66
1677013.00	36.84
1677220.00	38.98
1677322.00	39.04
1677529.00	38.06
1677638.00	37.76
1677862.00	36.44
1677943.00	37.06
1678183.00	37.66
1678254.00	37.29
1678475.00	39.18
1678542.00	40.70
1678762.00	40.98
1678858.00	39.17
1679095.00	36.33
1679180.00	36.04
1679432.00	35.88
1679492.00	36.41
1679724.00	38.98
1679816.00	38.34
1680033.00	37.36
1680132.00	37.82
1680369.00	36.23
1680452.00	35.88
1680703.00	35.99
1680762.00	36.64
1680990.00	39.53
1681071.00	39.65
1681269.00	40.24
1681387.00	39.81
1681608.00	36.08
1681695.00	36.44
1681930.00	37.36
1682005.00	37.29
1682214.00	39.82
1682330.00	38.94
1682508.00	38.09
1682646.00	38.61
1682853.00	35.71
1682962.00	35.77
1683184.00	36.50
1683270.00	36.92
1683462.00	40.39
1683580.00	40.27
1683718.00	42.10
1683896.00	41.74
1684065.00	35.62
1684204.00	36.16
1684436.00	35.06
1684513.00	34.88
1684706.00	40.90
1684800.00	42.42
1684915.00	48.71
1685116.00	46.82
1685265.00	35.47
1685477.00	33.15
1685601.00	33.85
1685788.00	36.47
1685883.00	39.90
1686075.00	41.49
1686187.00	39.84
1686390.00	38.01
1686537.00	35.53
1686726.00	34.36
1686822.00	38.27
1687037.00	39.74
1687100.00	40.27
1687336.00	41.03
1687370.00	41.50
1687650.00	40.56
1687714.00	35.94
1687942.00	37.30
1688034.00	38.58
1688252.00	37.47
1688318.00	39.80
1688574.00	38.98
1688583.00	40.47
1688889.00	40.99
1688924.00	36.08
1689178.00	37.78
1689251.00	38.52
1689486.00	37.19
1689543.00	39.37
1689779.00	40.42
1689829.00	40.77
1690095.00	39.24
1690167.00	36.07
1690425.00	35.28
1690476.00	36.91
1690736.00	38.00
1690770.00	38.98
1691036.00	39.67
1691070.00	39.34
1691352.00	38.34
1691408.00	36.07
1691652.00	37.06
1691711.00	39.01
1691962.00	38.38
1692008.00	38.90
1692246.00	40.71
1692305.00	40.65
1692562.00	38.53
1692641.00	36.23
1692852.00	37.77
1692980.00	37.62
1693164.00	36.32
1693278.00	38.71
1693482.00	38.23
1693558.00	39.50
1693801.00	39.56
1693893.00	36.11
1694131.00	35.43
1694258.00	33.99
1694441.00	35.20
1694557.00	38.76
1694695.00	42.80
1694859.00	42.60
1695011.00	38.15
1695194.00	36.28
1695319.00	36.76
1695513.00	37.53
1695632.00	37.29
1695810.00	38.71
1695922.00	40.08
1696105.00	40.28
1696239.00	38.62
1696441.00	36.11
1696553.00	36.29
1696774.00	36.45
1696864.00	36.63
1697071.00	38.84
1697175.00	38.84
1697384.00	37.82
1697492.00	37.46
1697719.00	36.17
1697800.00	36.77
1698043.00	37.37
1698111.00	37.12
1698338.00	38.98
1698400.00	40.49
1698626.00	40.91
1698717.00	38.98
1698962.00	36.05
1699040.00	35.82
1699299.00	35.77
1699353.00	36.30
1699593.00	38.86
1699679.00	38.10
1699904.00	37.07
1699995.00	37.58
1700241.00	36.06
1700317.00	35.83
1700575.00	35.99
1700629.00	36.52
1700864.00	39.26
1700938.00	39.45
1701143.00	40.25
1701256.00	39.77
1701483.00	35.96
1701565.00	36.44
1701804.00	37.36
1701878.00	37.11
1702088.00	39.56
1702205.00	38.75
1702383.00	38.05
1702523.00	38.62
1702725.00	35.81
1702839.00	35.81
1703056.00	36.38
1703150.00	36.80
1703333.00	40.27
1703462.00	40.15
1703589.00	41.98
1703778.00	41.68
1703934.00	35.61
1704088.00	36.09
1704303.00	35.07
1704399.00	34.95
1704571.00	40.84
1704688.00	42.35
1704780.00	48.77
1705006.00	46.90
1705127.00	35.56
1705369.00	33.20
1705461.00	33.86
1705681.00	36.52
1705742.00	39.92
1705970.00	41.42
1706042.00	40.08
1706285.00	38.34
1706389.00	35.62
1706623.00	34.40
1706672.00	38.32
1706935.00	39.83
1706947.00	40.28
1707215.00	40.92
1707235.00	41.61
1707550.00	40.62
1707557.00	35.91
1707844.00	37.31
1707873.00	38.74
1708153.00	41.00
1708155.00	39.90
1708416.00	41.34
1708477.00	40.69
1708753.00	35.77
1708794.00	36.06
1709075.00	36.93
1709084.00	38.66
1709363.00	40.84
1709392.00	39.65
1709645.00	40.01
1709686.00	40.92
1709979.00	37.72
1710003.00	36.33
1710283.00	37.95
1710332.00	37.16
1710573.00	38.16
1710643.00	39.31
1710868.00	39.04
1710943.00	39.67
1711200.00	37.32
1711257.00	36.39
1711498.00	38.47
1711557.00	39.47
1711789.00	39.94
1711866.00	39.24
1712082.00	39.17
1712149.00	40.99
1712411.00	38.77
1712464.00	36.66
1712743.00	36.39
1712754.00	38.00
1713036.00	40.48
1713064.00	39.17
1713311.00	40.42
1713383.00	39.94
1713639.00	36.48
1713700.00	36.54
1713996.00	35.04
1714031.00	34.25
1714289.00	37.97
1714340.00	39.24
1714583.00	39.03
1714594.00	43.16
1714911.00	36.54
1715219.00	37.08
1715225.00	37.94
1715515.00	39.44
1715530.00	39.25
1715803.00	39.32
1715821.00	40.62
1716133.00	38.09
1716139.00	36.43
1716453.00	36.67
1716458.00	36.94
1716748.00	39.13
1716766.00	39.13
1717055.00	38.07
1717077.00	38.13
1717383.00	36.84
1717395.00	36.54
1717701.00	37.11
1717703.00	37.65
1717988.00	39.65
1718015.00	39.40
1718271.00	39.77
1718305.00	41.27
1718600.00	38.23
1718622.00	36.43
1718931.00	36.43
1718946.00	36.09
1719218.00	38.76
1719260.00	39.28
1719522.00	38.20
1719587.00	37.45
1719851.00	35.92
1719905.00	36.37
1720179.00	36.42
1720227.00	36.25
1720462.00	39.18
1720540.00	39.71
1720734.00	40.48
1720852.00	40.60
1721067.00	36.63
1721169.00	36.21
1721382.00	37.22
1721480.00	37.64
1721661.00	40.05
1721793.00	39.93
1721948.00	39.34
1722121.00	38.48
1722285.00	35.44
1722439.00	36.00
1722609.00	36.70
1722758.00	36.70
1722880.00	40.34
1723069.00	40.76
1723130.00	42.60
1723382.00	42.54
1723468.00	36.36
1723699.00	36.06
1723831.00	34.81
1724010.00	35.23
1724093.00	41.48
1724297.00	48.02
1724321.00	48.02
1724611.00	49.40
1724638.00	37.71
1724930.00	35.79
1724965.00	36.42
1725241.00	39.89
1725294.00	37.60
1725535.00	36.15
1725606.00	38.85
1725877.00	36.15
1725896.00	37.59
1726153.00	41.73
1726213.00	40.00
1726423.00	40.40
1726551.00	39.24
1726686.00	39.82
1726864.00	41.22
1727021.00	36.40
1727165.00	37.15
1727333.00	38.51
1727481.00	37.64
1727609.00	40.04
1727775.00	41.38
1727866.00	42.87
1728086.00	41.77
1728198.00	36.74
1728411.00	35.98
1728515.00	36.70
1728726.00	37.22
1728799.00	39.51
1729016.00	41.06
1729076.00	41.43
1729326.00	40.25
1729405.00	36.97
1729618.00	38.01
1729705.00	39.74
1729935.00	38.22
1729991.00	39.18
1730265.00	38.50
1730282.00	38.15
1730576.00	39.18
1730609.00	36.95
1730876.00	37.71
1730904.00	39.67
1731192.00	39.09
1731480.00	39.09
1731491.00	40.15
1731800.00	39.58
1731806.00	37.19
1732082.00	38.96
1732136.00	38.79
1732397.00	36.60
1732426.00	39.08
1732688.00	40.69
1732698.00	41.89
1732998.00	40.58
1733024.00	37.07
1733318.00	36.53
1733378.00	35.15
1733633.00	35.33
1733669.00	38.88
1733964.00	37.89
1734272.00	39.10
1734289.00	37.19
1734526.00	41.32
1734600.00	42.13
1734841.00	37.70
1734888.00	39.28
1735149.00	39.65
1735176.00	39.58
1735459.00	39.45
1735504.00	37.02
1735749.00	38.33
1735829.00	38.44
1736064.00	36.82
1736118.00	39.15
1736378.00	39.21
1736423.00	38.07
1736689.00	38.25
1736751.00	36.90
1736998.00	37.08
1737068.00	37.71
1737315.00	37.22
1737356.00	39.09
1737620.00	39.70
1737639.00	40.14
1737931.00	39.83
1737967.00	36.84
1738219.00	38.36
1738298.00	38.30
1738535.00	36.49
1738586.00	39.17
1738856.00	38.87
1738890.00	37.79
1739168.00	38.38
1739219.00	36.79
1739492.00	36.03
1739548.00	36.08
1739807.00	36.54
1739831.00	39.46
1740104.00	40.30
1740128.00	40.06
1740438.00	40.72
1740439.00	36.65
1740746.00	36.71
1740754.00	37.88
1741034.00	40.24
1741060.00	39.81
1741322.00	39.15
1741370.00	39.52
1741661.00	36.44
1741680.00	36.38
1741986.00	37.13
1742005.00	36.25
1742258.00	39.78
1742320.00	40.36
1742509.00	42.26
1742636.00	42.26
1742850.00	36.02
1742944.00	36.45
1743214.00	35.31
1743253.00	35.25
1743478.00	41.38
1743568.00	41.01
1743681.00	47.57
1743877.00	48.00
1744025.00	36.30
1744184.00	36.30
1744354.00	37.08
1744470.00	38.55
1744631.00	41.86
1744787.00	39.85
1744927.00	38.48
1745148.00	36.22
1745270.00	33.49
1745458.00	36.24
1745548.00	40.25
1745744.00	41.78
1745821.00	42.25
1746058.00	40.48
1746084.00	41.13
1746393.00	39.90
1746423.00	35.01
1746703.00	36.43
1746735.00	37.88
1747001.00	38.71
1747012.00	41.02
1747272.00	42.58
1747313.00	41.56
1747605.00	37.98
1747912.00	36.93
1747922.00	37.71
1748208.00	39.86
1748234.00	39.02
1748487.00	39.54
1748547.00	40.07
1748816.00	36.73
1748834.00	38.45
1749118.00	40.10
1749140.00	38.75
1749405.00	39.77
1749431.00	40.77
1749697.00	40.42
1749745.00	38.93
1750025.00	36.77
1750072.00	36.03
1750320.00	37.98
1750379.00	39.15
1750609.00	39.57
1750677.00	40.22
1750898.00	40.22
1750990.00	39.26
1751224.00	36.95
1751287.00	37.90
1751554.00	37.74
1751593.00	37.22
1751844.00	39.70
1751873.00	41.34
1752116.00	42.62
1752184.00	40.60
1752442.00	37.07
1752471.00	38.65
1752780.00	37.25
1752796.00	35.76
1753087.00	39.44
1753096.00	39.01
1753379.00	38.80
1753410.00	38.92
1753705.00	36.89
1753736.00	36.14
1754015.00	37.07
1754042.00	38.19
1754294.00	42.38
1754303.00	43.83
1754590.00	43.90
1754607.00	39.34
1754911.00	39.96
1754917.00	37.45
1755219.00	37.14
1755240.00	37.36
1755506.00	38.76
1755529.00	40.91
1755819.00	39.20
1755833.00	38.20
1756129.00	38.38
1756160.00	37.02
1756438.00	37.14
1756475.00	37.88
1756744.00	38.01
1756761.00	39.85
1757043.00	40.21
1757058.00	39.72
1757362.00	40.34
1757369.00	37.45
1757670.00	37.26
1757698.00	37.04
1757956.00	38.45
1757984.00	41.19
1758269.00	39.48
1758285.00	38.45
1758587.00	38.04
1758614.00	36.37
1758896.00	36.97
1758940.00	37.13
1759219.00	36.36
1759221.00	39.33
1759492.00	39.95
1759532.00	40.54
1759823.00	36.73
1759849.00	36.43
1760137.00	37.34
1760158.00	37.88
1760413.00	40.39
1760463.00	40.58
1760699.00	39.98
1760775.00	39.55
1761035.00	36.41
1761083.00	36.72
1761357.00	37.48
1761390.00	37.48
1761627.00	41.08
1761714.00	40.13
1761875.00	41.99
1762027.00	42.57
1762212.00	36.35
1762340.00	36.35
1762572.00	35.18
1762647.00	35.49
1762833.00	41.69
1762955.00	41.76
1763036.00	48.20
1763268.00	47.84
1763375.00	36.20
1763573.00	36.63
1763701.00	37.32
1763880.00	37.32
1763975.00	40.75
1764165.00	42.17
1764268.00	40.84
1764480.00	38.93
1764607.00	36.14
1764838.00	33.78
1764883.00	37.75
1765147.00	40.47
1765151.00	41.02
1765413.00	41.61
1765432.00	43.15
1765744.00	41.36
1765746.00	36.57
1766055.00	37.94
1766078.00	36.70
1766331.00	39.06
1766385.00	40.61
1766587.00	42.20
1766683.00	42.84
1766917.00	37.68
1766994.00	36.85
1767232.00	37.70
1767284.00	39.08
1767514.00	41.27
1767590.00	40.14
1767790.00	40.59
1767911.00	39.75
1768117.00	36.42
1768222.00	36.95
1768416.00	38.64
1768508.00	40.30
1768701.00	41.34
1768814.00	40.05
1768990.00	39.70
1769104.00	40.69
1769316.00	38.38
1769416.00	36.95
1769608.00	38.98
1769741.00	38.23
1769894.00	38.72
1770047.00	39.85
1770181.00	39.85
1770345.00	40.43
1770504.00	38.07
1770656.00	37.18
1770832.00	36.95
1770951.00	37.98
1771119.00	40.49
1771256.00	39.90
1771388.00	41.27
1771535.00	43.09
1771712.00	39.37
1771846.00	37.12
1772063.00	35.72
1772132.00	37.38
1772351.00	41.05
1772439.00	39.64
1772642.00	39.43
1772753.00	39.00
1772965.00	37.00
1773066.00	37.06
1773273.00	38.01
1773391.00	37.31
1773559.00	38.79
1773696.00	39.98
1773844.00	39.98
1773947.00	44.23
1774168.00	41.74
1774259.00	37.06
1774491.00	37.17
1774563.00	37.73
1774777.00	40.04
1774869.00	39.78
1775079.00	38.69
1775156.00	40.03
1775404.00	38.65
1775468.00	37.07
1775717.00	37.76
1775777.00	37.88
1776001.00	39.73
1776085.00	39.79
1776281.00	40.24
1776390.00	40.43
1776606.00	37.49
1776703.00	37.00
1776933.00	36.89
1777005.00	37.57
1777217.00	40.17
1777311.00	39.92
1777517.00	38.88
1777597.00	40.30
1777843.00	38.74
1777909.00	36.95
1778168.00	37.00
1778226.00	36.71
1778448.00	39.69
1778535.00	40.24
1778717.00	41.02
1778855.00	40.31
1779047.00	36.26
1779167.00	36.73
1779359.00	37.76
1779484.00	37.46
1779635.00	39.92
1779791.00	40.53
1779920.00	39.86
1780096.00	39.98
1780254.00	37.00
1780408.00	36.57
1780575.00	37.23
1780713.00	37.73
1780844.00	41.27
1781021.00	41.02
1781093.00	42.88
1781343.00	42.10
1781429.00	35.88
1781656.00	36.35
1781789.00	35.18
1781967.00	35.30
1782048.00	41.68
1782250.00	48.10
1782273.00	48.41
1782581.00	48.29
1782589.00	36.50
1782892.00	36.32
1782916.00	36.95
1783188.00	40.60
1783198.00	40.97
1783481.00	39.42
1783502.00	39.42
1783788.00	40.77
1783821.00	38.04
1784097.00	42.01
1784101.00	40.16
1784365.00	40.88
1784458.00	38.52
1784627.00	38.94
1784766.00	41.67
1784960.00	36.82
1785051.00	38.30
1785270.00	39.67
1785361.00	38.00
1785545.00	40.42
1785694.00	39.11
1785802.00	40.70
1786002.00	42.13
1786132.00	36.97
1786296.00	37.89
1786447.00	38.74
1786608.00	37.64
1786730.00	39.83
1786896.00	41.27
1787007.00	41.72
1787202.00	40.59
1787334.00	37.21
1787521.00	36.48
1787634.00	38.22
1787832.00	38.64
1787918.00	39.68
1788116.00	41.48
1788208.00	41.12
1788421.00	39.76
1788534.00	37.50
1788710.00	38.58
1788828.00	40.49
1789021.00	38.98
1789114.00	39.54
1789346.00	38.72
1789402.00	38.58
1789652.00	39.77
1789727.00	37.49
1789946.00	38.15
1790055.00	37.87
1790257.00	36.84
1790343.00	39.39
1790551.00	40.56
1790614.00	41.92
1790855.00	41.26
1790938.00	37.68
1791132.00	39.43
1791291.00	37.92
1791443.00	35.74
1791581.00	39.38
1791728.00	41.05
1791871.00	40.91
1792033.00	39.56
1792196.00	37.44
1792347.00	36.88
1792506.00	37.82
1792659.00	38.00
1792793.00	39.54
1792982.00	38.83
1793079.00	38.83
1793287.00	39.97
1793405.00	37.45
1793537.00	41.63
1793727.00	41.86
1793847.00	37.29
1794014.00	39.53
1794150.00	40.03
1794318.00	38.88
1794454.00	38.69
1794645.00	37.33
1794739.00	38.68
1794959.00	39.43
1795050.00	37.76
1795244.00	39.67
1795358.00	39.79
1795525.00	40.16
1795664.00	40.35
1795852.00	37.38
1795968.00	37.45
1796180.00	37.39
1796280.00	36.95
1796466.00	39.54
1796581.00	40.10
1796767.00	39.14
1796887.00	38.88
1797094.00	37.32
1797171.00	38.88
1797421.00	38.83
1797481.00	37.02
1797701.00	39.96
1797797.00	39.66
1797972.00	40.52
1798103.00	41.00
1798302.00	36.98
1798423.00	36.26
1798616.00	37.22
1798733.00	37.76
1798893.00	40.27
1799049.00	39.97
1799178.00	39.37
1799354.00	39.92
1799514.00	36.83
1799657.00	37.02
1799836.00	37.73
1799967.00	37.29
1800105.00	40.90
1800271.00	41.27
1800354.00	43.03
1800578.00	42.91
1800691.00	36.78
1800897.00	35.94
1801052.00	34.72
1801207.00	35.32
1801312.00	41.66
1801515.00	48.16
1801518.00	48.10
1801823.00	48.47
1801854.00	36.74
1802128.00	36.74
1802181.00	37.33
1802437.00	37.08
1802454.00	40.64
1802741.00	40.95
1802747.00	39.55
1803045.00	39.61
1803086.00	36.77
1803327.00	38.21
1803361.00	42.31
1803631.00	42.70
1803639.00	40.70
1803892.00	41.45
1803995.00	39.12
1804227.00	34.18
1804300.00	37.01
1804535.00	38.50
1804583.00	39.87
1804810.00	42.16
1804892.00	40.48
1805066.00	42.16
1805223.00	40.90
1805395.00	35.65
1805528.00	37.23
1805710.00	38.08
1805822.00	38.67
1805991.00	41.01
1806132.00	40.10
1806267.00	40.41
1806419.00	41.87
1806593.00	38.59
1806723.00	37.38
1806891.00	39.08
1807039.00	38.41
1807174.00	39.46
1807348.00	39.88
1807462.00	39.52
1807633.00	41.19
1807787.00	38.87
1807936.00	37.63
1808079.00	39.68
1808223.00	40.70
1808364.00	41.19
1808532.00	39.73
1808650.00	39.73
1808855.00	38.91
1808972.00	36.53
1809159.00	37.73
1809298.00	37.57
1809453.00	38.16
1809584.00	40.63
1809763.00	39.66
1809852.00	41.04
1810055.00	42.15
1810174.00	38.52
1810358.00	37.79
1810523.00	36.32
1810635.00	38.14
1810811.00	41.72
1810943.00	39.58
1811099.00	39.58
1811228.00	41.19
1811420.00	39.09
1811532.00	37.79
1811728.00	38.63
1811844.00	38.07
1812011.00	39.69
1812154.00	39.75
1812295.00	39.75
1812476.00	39.11
1812617.00	36.59
1812781.00	37.67
1812937.00	37.78
1813029.00	42.16
1813222.00	44.49
1813338.00	39.80
1813522.00	38.70
1813639.00	39.20
1813844.00	37.86
1813944.00	37.61
1814155.00	38.25
1814228.00	39.68
1814438.00	41.63
1814538.00	39.95
1814714.00	40.33
1814845.00	40.39
1815038.00	37.36
1815151.00	37.55
1815362.00	37.49
1815454.00	37.62
1815644.00	40.33
1815764.00	39.95
1815942.00	38.90
1816065.00	39.47
1816266.00	37.82
1816369.00	37.56
1816587.00	37.67
1816653.00	39.11
1816865.00	42.08
1816963.00	40.27
1817133.00	41.06
1817278.00	40.76
1817459.00	36.71
1817584.00	37.26
1817768.00	38.37
1817903.00	37.59
1818042.00	39.96
1818213.00	40.50
1818324.00	39.89
1818528.00	39.59
1818655.00	36.50
1818833.00	37.11
1818973.00	37.90
1819136.00	38.09
1819239.00	41.65
1819446.00	41.15
1819485.00	43.04
1819749.00	43.55
1819817.00	37.25
1820055.00	36.99
1820173.00	35.80
1820375.00	34.95
1820431.00	41.24
1820630.00	48.01
1820685.00	48.60
1820965.00	36.64
1820995.00	36.64
1821286.00	37.35
1821300.00	37.66
1821557.00	41.13
1821605.00	41.19
1821845.00	39.76
1821915.00	39.38
1822181.00	36.59
1822217.00	37.15
1822452.00	41.31
1822521.00	41.11
1822718.00	41.60
1822804.00	43.12
1822975.00	43.81
1823115.00	41.86
1823305.00	36.79
1823471.00	34.44
1823610.00	35.97
1823775.00	38.75
1823881.00	41.11
1824058.00	42.62
1824133.00	44.36
1824368.00	42.47
1824458.00	37.18
1824699.00	36.03
1824769.00	36.79
1825003.00	38.32
1825047.00	40.64
1825297.00	41.30
1825319.00	41.69
1825606.00	40.72
1825641.00	37.36
1825893.00	38.82
1825935.00	40.63
1826197.00	39.48
1826215.00	40.41
1826500.00	40.04
1826514.00	39.31
1826820.00	37.05
1826823.00	37.47
1827106.00	39.22
1827109.00	41.20
1827391.00	41.78
1827409.00	40.40
1827673.00	40.25
1827696.00	41.34
1827992.00	39.05
1828005.00	37.59
1828314.00	37.36
1828328.00	36.59
1828597.00	39.11
1828632.00	40.13
1828864.00	41.46
1828925.00	42.25
1829182.00	38.69
1829234.00	37.65
1829527.00	37.13
1829812.00	40.85
1829829.00	40.25
1830099.00	40.03
1830104.00	41.94
1830414.00	39.59
1830416.00	37.65
1830697.00	39.40
1830720.00	40.19
1831001.00	38.75
1831003.00	40.26
1831283.00	40.34
1831312.00	39.90
1831603.00	37.41
1831622.00	37.47
1831920.00	37.64
1831944.00	36.99
1832202.00	39.16
1832246.00	40.25
1832496.00	44.47
1832500.00	43.42
1832804.00	38.83
1832821.00	37.47
1833105.00	37.98
1833130.00	38.63
1833409.00	38.50
1833410.00	40.48
1833685.00	40.94
1833693.00	42.24
1834000.00	40.69
1834006.00	37.54
1834308.00	37.54
1834329.00	37.42
1834610.00	40.22
1834612.00	40.41
1834905.00	39.34
1834915.00	39.41
1835224.00	39.09
1835227.00	37.42
1835525.00	37.93
1835549.00	37.99
1835824.00	41.05
1835828.00	40.80
1836091.00	41.52
1836110.00	43.03
1836417.00	38.96
1836419.00	37.13
1836724.00	38.19
1836733.00	37.88
1836996.00	40.42
1837039.00	40.97
1837278.00	40.28
1837356.00	39.54
1837607.00	36.49
1837666.00	36.97
1837924.00	37.65
1837979.00	37.40
1838190.00	40.96
1838283.00	41.52
1838434.00	43.52
1838584.00	43.71
1838766.00	37.31
1838893.00	36.87
1839121.00	35.76
1839196.00	36.14
1839377.00	42.51
1839500.00	42.32
1839577.00	48.77
1839819.00	47.92
1839911.00	36.15
1840128.00	36.75
1840232.00	37.36
1840437.00	37.42
1840501.00	41.10
1840739.00	41.42
1840789.00	39.82
1841043.00	39.76
1841123.00	37.07
1841352.00	36.81
1841395.00	40.78
1841654.00	41.16
1841659.00	41.82
1841916.00	42.43
1841955.00	42.43
1842237.00	43.81
1842245.00	38.79
1842547.00	36.91
1842549.00	38.44
1842820.00	40.74
1842901.00	38.42
1843072.00	40.06
1843205.00	42.82
1843395.00	37.68
1843485.00	39.20
1843707.00	39.90
1843795.00	38.00
1843983.00	40.33
1844123.00	39.17
1844255.00	39.64
1844427.00	41.11
1844576.00	37.73
1844719.00	38.59
1844870.00	40.35
1845026.00	39.29
1845149.00	40.30
1845312.00	41.71
1845433.00	41.41
1845615.00	40.25
1845753.00	37.85
1845930.00	37.11
1846041.00	39.15
1846237.00	39.70
1846322.00	40.29
1846520.00	41.78
1846604.00	41.63
1846821.00	40.46
1846922.00	38.15
1847107.00	39.18
1847243.00	38.95
1847415.00	37.54
1847526.00	40.08
1847736.00	39.18
1847791.00	40.44
1848039.00	41.65
1848109.00	38.03
1848331.00	38.77
1848455.00	37.32
1848639.00	36.14
1848738.00	39.80
1848930.00	41.05
1849023.00	40.98
1849231.00	40.30
1849341.00	38.16
1849506.00	40.02
1849643.00	41.07
1849813.00	38.76
1849924.00	40.15
1850096.00	41.85
1850204.00	41.93
1850398.00	40.48
1850523.00	37.96
1850710.00	37.46
1850838.00	37.58
1851018.00	37.70
1851119.00	40.03
1851338.00	39.37
1851416.00	38.24
1851640.00	39.34
1851734.00	38.09
1851888.00	42.43
1852042.00	42.97
1852195.00	38.25
1852321.00	40.24
1852496.00	40.68
1852595.00	41.07
1852799.00	41.00
1852914.00	37.97
1853081.00	39.35
1853234.00	39.30
1853389.00	37.59
1853514.00	40.30
1853695.00	40.36
1853807.00	39.29
1853999.00	39.48
1854128.00	37.85
1854302.00	37.91
1854445.00	38.03
1854610.00	37.65
1854719.00	40.62
1854908.00	41.26
1854984.00	41.99
1855212.00	41.60
1855307.00	37.67
1855494.00	39.26
1855612.00	40.21
1855802.00	38.31
1855883.00	40.88
1856116.00	40.58
1856162.00	39.80
1856422.00	40.35
1856489.00	37.33
1856739.00	36.54
1856803.00	37.28
1857047.00	37.95
1857067.00	41.50
1857309.00	43.63
1857361.00	43.26
1857639.00	36.72
1857664.00	37.28
1857965.00	37.47
1857989.00	36.35
1858244.00	42.67
1858274.00	42.22
1858441.00	49.03
1858577.00	49.41
1858772.00	37.30
1858881.00	37.11
1859091.00	37.84
1859200.00	37.05
1859358.00	40.50
1859509.00	41.04
1859643.00	39.73
1859817.00	39.79
1859975.00	36.92
1860121.00	37.17
1860244.00	41.27
1860425.00	41.27
1860507.00	41.77
1860733.00	41.52
1860762.00	42.22
1861035.00	42.60
1861088.00	37.57
1861339.00	37.45
1861390.00	38.88
1861621.00	40.47
1861659.00	42.86
1861909.00	44.62
1861933.00	42.54
1862232.00	37.12
1862289.00	34.74
1862540.00	35.62
1862594.00	38.44
1862815.00	40.73
1862876.00	42.31
1863085.00	42.79
1863186.00	40.96
1863405.00	37.47
1863518.00	36.15
1863698.00	37.92
1863823.00	39.55
1863977.00	40.57
1864117.00	41.22
1864259.00	40.85
1864427.00	39.88
1864578.00	37.59
1864716.00	38.91
1864865.00	40.91
1865019.00	39.90
1865144.00	40.41
1865337.00	39.56
1865425.00	39.56
1865646.00	40.10
1865742.00	37.65
1865931.00	39.25
1866063.00	39.02
1866234.00	37.79
1866344.00	40.40
1866524.00	41.27
1866609.00	42.54
1866834.00	41.23
1866926.00	37.58
1867159.00	36.71
1867271.00	35.25
1867464.00	36.44
1867554.00	40.05
1867760.00	40.64
1867838.00	40.64
1868071.00	39.74
1868155.00	37.58
1868365.00	38.62
1868458.00	39.54
1868669.00	38.88
1868737.00	40.49
1868948.00	42.30
1869017.00	42.23
1869258.00	39.98
1869335.00	37.52
1869543.00	39.25
1869652.00	39.31
1869850.00	37.89
1869932.00	40.21
1870164.00	39.72
1870228.00	38.66
1870476.00	38.78
1870547.00	37.35
1870800.00	36.70
1870855.00	37.36
1871105.00	38.50
1871134.00	40.49
1871355.00	44.67
1871408.00	45.06
1871666.00	40.44
1871728.00	37.41
1871968.00	37.97
1872050.00	37.74
1872275.00	37.42
1872330.00	40.30
1872560.00	41.78
1872624.00	40.64
1872871.00	38.91
1872945.00	37.35
1873181.00	37.47
1873265.00	37.41
1873487.00	37.60
1873540.00	40.67
1873793.00	40.67
1873805.00	41.56
1874104.00	41.25
1874130.00	37.07
1874406.00	37.63
1874436.00	38.75
1874709.00	41.16
1874711.00	40.97
1874990.00	40.28
1874997.00	41.63
1875308.00	39.90
1875319.00	36.84
1875626.00	36.49
1875634.00	37.34
1875901.00	40.73
1875934.00	41.21
1876144.00	43.20
1876253.00	42.61
1876477.00	36.21
1876566.00	36.62
1876831.00	35.47
1876882.00	35.17
1877088.00	41.59
1877190.00	42.20
1877287.00	48.79
1877494.00	48.98
1877621.00	37.01
1877807.00	36.52
1877944.00	37.17
1878112.00	37.54
1878213.00	41.07
1878420.00	41.00
1878503.00	39.57
1878741.00	38.68
1878837.00	35.93
1879054.00	36.46
1879109.00	40.48
1879366.00	40.54
1879375.00	41.02
1879633.00	41.80
1879672.00	42.17
1879962.00	37.15
1879979.00	37.09
1880269.00	38.37
1880290.00	38.13
1880541.00	40.60
1880595.00	41.03
1880795.00	42.66
1880901.00	42.53
1881122.00	37.32
1881187.00	38.74
1881433.00	39.61
1881501.00	37.70
1881714.00	39.80
1881859.00	37.45
1881988.00	37.91
1882166.00	40.69
1882312.00	37.37
1882453.00	38.78
1882608.00	40.50
1882765.00	38.78
1882891.00	39.69
1883098.00	38.45
1883178.00	38.23
1883406.00	39.72
1883502.00	37.31
1883704.00	38.01
1883794.00	40.08
1884016.00	39.12
1884078.00	39.62
1884307.00	41.05
1884363.00	40.98
1884614.00	39.79
1884685.00	37.42
1884934.00	36.70
1885011.00	36.48
1885247.00	36.95
1885297.00	39.48
1885535.00	41.05
1885568.00	42.27
1885841.00	41.00
1885890.00	37.48
1886133.00	38.54
1886240.00	37.07
1886447.00	35.65
1886529.00	39.20
1886776.00	38.34
1886819.00	38.27
1887085.00	39.31
1887142.00	37.24
1887384.00	37.94
1887451.00	38.83
1887700.00	37.82
1887736.00	39.37
1887998.00	40.44
1888020.00	40.51
1888306.00	39.87
1888345.00	37.25
1888589.00	39.01
1888668.00	39.18
1888903.00	37.11
1888954.00	39.42
1889193.00	40.98
1889257.00	39.82
1889503.00	38.38
1889582.00	37.07
1889821.00	36.65
1889895.00	37.34
1890137.00	37.46
1890180.00	39.31
1890460.00	39.75
1890467.00	38.96
1890777.00	40.11
1890785.00	37.07
1891031.00	41.26
1891113.00	41.15
1891346.00	36.72
1891398.00	39.50
1891654.00	39.87
1891700.00	38.63
1891964.00	38.51
1892026.00	37.02
1892254.00	38.33
1892353.00	38.38
1892570.00	36.71
1892633.00	39.60
1892885.00	39.66
1892903.00	40.52
1893196.00	40.76
1893235.00	36.68
1893506.00	36.81
1893547.00	37.94
1893823.00	37.40
1893825.00	39.71
1894110.00	39.19
1894130.00	39.92
1894441.00	39.61
1894445.00	36.52
1894730.00	38.04
1894768.00	38.75
1895037.00	42.27
1895046.00	40.46
1895286.00	42.30
1895368.00	42.01
1895623.00	35.83
1895681.00	36.36
1895984.00	35.24
1896006.00	34.49
1896245.00	40.69
1896323.00	41.21
1896448.00	47.80
1896643.00	47.57
1896788.00	35.73
1896955.00	36.20
1897114.00	36.95
1897264.00	37.19
1897388.00	40.62
1897580.00	40.08
1897681.00	38.62
1897890.00	39.10
1898021.00	36.39
1898202.00	36.20
1898295.00	40.38
1898529.00	39.57
1898565.00	39.97
1898827.00	40.64
1898845.00	41.21
1899160.00	36.33
1899162.00	36.27
1899469.00	37.71
1899471.00	38.19
1899745.00	40.41
1899783.00	40.22
1900001.00	41.80
1900099.00	41.56
1900330.00	36.60
1900409.00	37.02
1900645.00	37.82
1900718.00	37.82
1900926.00	40.03
1901007.00	41.42
1901202.00	41.80
1901324.00	39.98
1901529.00	36.65
1901687.00	34.24
1901827.00	35.99
1901998.00	38.71
1902111.00	39.75
1902285.00	41.41
1902399.00	41.05
1902601.00	39.15
1902725.00	36.82
1902938.00	35.60
1903016.00	37.65
1903248.00	39.17
1903302.00	39.67
1903548.00	40.30
1903588.00	40.23
1903864.00	39.24
1903910.00	36.93
1904157.00	38.47
1904236.00	38.24
1904467.00	37.07
1904522.00	39.60
1904789.00	38.89
1904792.00	40.19
1905103.00	40.66
1905114.00	37.00
1905394.00	38.55
1905463.00	37.19
1905701.00	36.07
1905751.00	39.64
1905994.00	40.63
1906040.00	40.56
1906310.00	39.08
1906361.00	37.05
1906638.00	36.36
1906669.00	37.14
1906948.00	38.13
1906953.00	39.74
1907236.00	39.89
1907247.00	40.65
1907559.00	38.00
1907562.00	37.00
1907860.00	37.94
1907878.00	38.17
1908163.00	40.44
1908168.00	39.87
1908450.00	41.70
1908464.00	40.60
1908764.00	38.45
1908786.00	37.06
1909054.00	38.62
1909098.00	39.26
1909363.00	37.88
1909380.00	39.89
1909657.00	40.27
1909681.00	39.79
1909980.00	36.82
1909996.00	36.99
1910304.00	36.88
1910324.00	36.14
1910587.00	38.77
1910632.00	39.94
1910884.00	38.96
1910886.00	43.02
1911200.00	38.59
1911208.00	36.94
1911507.00	37.43
1911530.00	37.60
1911807.00	40.59
1911817.00	40.34
1912075.00	41.06
1912106.00	42.44
1912401.00	38.40
1912421.00	36.77
1912711.00	37.82
1912733.00	38.00
1912984.00	40.52
1913044.00	40.52
1913266.00	39.83
1913352.00	40.01
1913598.00	36.92
1913668.00	36.44
1913916.00	37.22
1913974.00	37.90
1914183.00	41.29
1914283.00	41.04
1914428.00	43.20
1914571.00	44.59
1914760.00	38.14
1914887.00	36.33
1915117.00	35.19
1915206.00	35.01
1915375.00	41.21
1915518.00	41.68
1915575.00	48.39
1915842.00	47.63
1915910.00	35.76
1916158.00	36.28
1916233.00	36.99
1916477.00	36.70
1916504.00	40.14
1916786.00	40.80
1916794.00	39.45
1917094.00	39.57
1917129.00	36.72
1917402.00	40.76
1917409.00	40.34
1917668.00	40.90
1917717.00	41.21
1917927.00	41.81
1918026.00	41.81
1918258.00	36.91
1918351.00	35.97
1918564.00	37.37
1918666.00	37.95
1918837.00	40.36
1918981.00	40.36
1919090.00	41.89
1919290.00	42.32
1919417.00	37.14
1919600.00	37.02
1919730.00	37.82
1919913.00	37.70
1920008.00	40.07
1920220.00	40.38
1920282.00	40.69
1920529.00	40.62
1920606.00	37.31
1920815.00	38.78
1920903.00	40.50
1921131.00	38.60
1921185.00	39.59
1921471.00	39.30
1921492.00	36.91
1921795.00	34.55
1921801.00	37.30
1922085.00	39.31
1922088.00	40.77
1922369.00	41.34
1922402.00	39.57
1922653.00	39.50
1922738.00	38.27
1922974.00	35.88
1923047.00	37.48
1923299.00	37.31
1923345.00	37.95
1923584.00	40.44
1923658.00	39.49
1923852.00	40.80
1923949.00	42.29
1924173.00	38.72
1924258.00	37.41
1924522.00	35.88
1924578.00	35.29
1924809.00	38.93
1924892.00	39.28
1925098.00	39.14
1925179.00	40.91
1925419.00	38.87
1925487.00	37.54
1925726.00	38.44
1925778.00	39.56
1926010.00	41.05
1926093.00	39.44
1926294.00	39.51
1926419.00	38.83
1926616.00	36.31
1926727.00	37.42
1926936.00	37.53
1927025.00	38.17
1927223.00	40.36
1927339.00	39.36
1927523.00	38.39
1927636.00	39.54
1927847.00	38.08
1927942.00	37.37
1928159.00	38.07
1928222.00	39.99
1928442.00	41.93
1928535.00	39.69
1928721.00	40.07
1928822.00	41.78
1929046.00	38.72
1929130.00	37.25
1929372.00	37.19
1929446.00	36.71
1929655.00	39.46
1929761.00	39.57
1929955.00	38.39
1930088.00	37.70
1930280.00	36.19
1930393.00	37.44
1930605.00	37.44
1930645.00	41.50
1930884.00	44.49
1930958.00	39.93
1931154.00	40.72
1931264.00	41.21
1931484.00	37.11
1931571.00	36.98
1931795.00	38.13
1931858.00	39.46
1932072.00	41.79
1932170.00	40.15
1932357.00	39.62
1932482.00	39.68
1932691.00	36.52
1932790.00	36.65
1933011.00	37.47
1933097.00	37.66
1933282.00	41.07
1933411.00	40.58
1933529.00	42.61
1933714.00	43.22
1933866.00	36.86
1934022.00	36.67
1934225.00	35.64
1934308.00	37.05
1934487.00	43.08
1934621.00	41.30
1934688.00	47.98
1934939.00	47.68
1935027.00	35.90
1935249.00	36.44
1935353.00	37.13
1935570.00	36.42
1935627.00	39.93
1935883.00	40.40
1935920.00	38.86
1936201.00	38.62
1936259.00	35.96
1936509.00	36.50
1936534.00	40.54
1936803.00	41.10
1936815.00	41.29
1937065.00	41.80
1937127.00	41.36
1937397.00	36.62
1937432.00	37.06
1937707.00	38.38
1937742.00	38.13
1937982.00	40.48
1938064.00	39.71
1938238.00	41.21
1938377.00	41.74
1938567.00	36.72
1938689.00	36.78
1938882.00	37.64
1938997.00	37.95
1939163.00	40.15
1939304.00	40.15
1939440.00	40.45
1939616.00	40.15
1939766.00	36.95
1939921.00	37.38
1940065.00	39.08
1940227.00	39.02
1940349.00	39.99
1940512.00	41.48
1940637.00	41.27
1940826.00	39.34
1940963.00	36.94
1941184.00	34.53
1941255.00	36.51
1941492.00	39.29
1941541.00	39.86
1941776.00	41.41
1941827.00	41.34
1942088.00	39.48
1942150.00	37.12
1942420.00	35.98
1942476.00	35.81
1942728.00	37.19
1942763.00	39.65
1943023.00	40.49
1943034.00	41.78
1943335.00	40.76
1943355.00	37.29
1943624.00	38.66
1943706.00	37.09
1943930.00	36.03
1943995.00	39.70
1944250.00	38.92
1944285.00	38.85
1944560.00	39.38
1944607.00	37.29
1944845.00	38.96
1944914.00	39.86
1945150.00	38.56
1945200.00	40.04
1945439.00	41.12
1945484.00	41.19
1945751.00	39.62
1945808.00	37.06
1946076.00	36.36
1946129.00	36.53
1946381.00	37.66
1946415.00	39.98
1946677.00	40.64
1946716.00	39.54
1946988.00	38.51
1947041.00	37.07
1947282.00	38.16
1947353.00	38.92
1947586.00	38.26
1947636.00	40.19
1947865.00	42.00
1947915.00	42.38
1948175.00	40.19
1948239.00	37.24
1948460.00	38.91
1948565.00	38.79
1948767.00	37.37
1948848.00	40.06
1949080.00	39.69
1949147.00	38.58
1949393.00	38.58
1949472.00	37.00
1949716.00	36.36
1949795.00	36.53
1950021.00	37.67
1950073.00	40.57
1950270.00	44.94
1950343.00	45.57
1950581.00	40.76
1950671.00	36.95
1950884.00	37.52
1950981.00	38.51
1951189.00	38.31
1951256.00	40.73
1951475.00	42.09
1951539.00	41.48
1951786.00	39.75
1951871.00	36.74
1952094.00	36.92
1952190.00	37.65
1952401.00	37.77
1952457.00	41.23
1952703.00	43.19
1952705.00	43.32
1953016.00	42.89
1953038.00	36.58
1953318.00	37.14
1953394.00	36.00
1953624.00	35.75
1953653.00	42.08
1953853.00	48.70
1953908.00	50.19
1954188.00	38.27
1954219.00	36.47
1954512.00	37.12
1954536.00	36.76
1954782.00	40.40
1954844.00	41.00
1955072.00	39.50
1955163.00	38.72
1955409.00	35.89
1955474.00	36.42
1955681.00	40.68
1955790.00	40.38
1955947.00	40.79
1956097.00	41.39
1956206.00	42.08
1956399.00	42.27
1956536.00	37.29
1956711.00	36.79
1956842.00	38.19
1957014.00	38.63
1957113.00	41.11
1957322.00	40.92
1957367.00	42.38
1957643.00	41.54
1957693.00	36.42
1957954.00	37.01
1958005.00	37.82
1958265.00	37.88
1958284.00	40.11
1958556.00	40.66
1958569.00	40.97
1958875.00	40.97
1958880.00	37.49
1959176.00	39.28
1959186.00	38.91
1959457.00	39.90
1959490.00	40.40
1959743.00	40.11
1959794.00	40.04
1960065.00	37.67
1960077.00	39.18
1960355.00	41.27
1960389.00	39.26
1960637.00	39.77
1960745.00	37.43
1960921.00	37.36
1961051.00	40.06
1961240.00	37.66
1961334.00	39.30
1961563.00	39.13
1961644.00	37.24
1961848.00	39.74
1961976.00	38.48
1962114.00	39.80
1962281.00	41.37
1962435.00	37.72
1962576.00	38.38
1962781.00	36.99
1962886.00	36.09
1963067.00	39.66
1963174.00	41.12
1963354.00	41.12
1963479.00	39.97
1963673.00	37.78
1963795.00	36.99
1963979.00	37.90
1964105.00	38.38
1964261.00	39.88
1964389.00	41.48
1964543.00	41.63
1964693.00	40.40
1964863.00	37.79
1964981.00	38.80
1965183.00	38.92
1965291.00	37.41
1965465.00	39.75
1965613.00	39.11
1965764.00	37.99
1965919.00	39.01
1966086.00	37.66
1966212.00	38.45
1966396.00	39.11
1966522.00	38.06
1966677.00	40.03
1966816.00	41.00
1966953.00	41.38
1967119.00	40.78
1967276.00	37.68
1967396.00	39.50
1967601.00	39.45
1967704.00	37.31
1967882.00	40.01
1967990.00	41.56
1968180.00	40.44
1968293.00	39.14
1968504.00	37.61
1968606.00	37.06
1968826.00	37.11
1968917.00	37.29
1969103.00	40.34
1969240.00	39.58
1969371.00	40.22
1969544.00	41.42
1969699.00	37.40
1969793.00	41.62
1970009.00	42.66
1970102.00	38.00
1970283.00	40.50
1970405.00	41.00
1970567.00	40.32
1970708.00	40.25
1970900.00	37.13
1970993.00	38.43
1971219.00	39.26
1971304.00	37.46
1971487.00	40.92
1971610.00	41.23
1971735.00	43.10
1971916.00	43.10
1972069.00	36.89
1972220.00	37.08
1972427.00	35.89
1972530.00	35.46
1972687.00	41.66
1972831.00	42.23
1972888.00	48.88
1973137.00	48.62
1973226.00	36.74
1973420.00	38.17
1973552.00	38.81
1973729.00	37.13
1973825.00	40.72
1974045.00	40.30
1974117.00	38.74
1974352.00	39.35
1974456.00	36.63
1974670.00	35.84
1974732.00	39.81
1974980.00	40.34
1975001.00	40.98
1975262.00	41.57
1975295.00	41.27
1975594.00	36.44
1975600.00	37.12
1975903.00	37.25
1975905.00	38.51
1976180.00	40.92
1976213.00	40.42
1976436.00	42.01
1976517.00	42.45
1976766.00	37.34
1976821.00	37.28
1977082.00	38.08
1977141.00	37.11
1977364.00	39.30
1977452.00	39.83
1977641.00	40.21
1977762.00	40.27
1977969.00	37.02
1978066.00	37.39
1978268.00	39.08
1978371.00	39.08
1978553.00	40.04
1978680.00	39.73
1978843.00	39.38
1978983.00	39.82
1979170.00	37.52
1979287.00	37.45
1979464.00	39.54
1979569.00	40.92
1979751.00	41.34
1979880.00	39.46
1980039.00	39.39
1980235.00	37.05
1980365.00	34.66
1980540.00	37.45
1980693.00	37.28
1980822.00	38.79
1980982.00	41.27
1981131.00	39.51
1981254.00	40.86
1981462.00	39.48
1981579.00	35.87
1981766.00	37.57
1981932.00	36.13
1982059.00	36.79
1982222.00	40.35
1982368.00	39.37
1982515.00	39.23
1982655.00	40.70
1982840.00	38.72
1982959.00	37.57
1983150.00	38.44
1983274.00	37.64
1983438.00	39.09
1983583.00	39.58
1983724.00	39.72
1983867.00	41.34
1984051.00	38.75
1984169.00	37.52
1984376.00	37.69
1984455.00	38.78
1984663.00	41.05
1984765.00	39.45
1984967.00	38.38
1985087.00	37.73
1985295.00	36.31
1985390.00	37.40
1985610.00	38.14
1985684.00	38.74
1985896.00	40.63
1985991.00	39.78
1986177.00	40.22
1986284.00	41.14
1986505.00	38.06
1986586.00	37.46
1986834.00	37.35
1986863.00	39.19
1987120.00	41.94
1987171.00	39.72
1987422.00	38.63
1987454.00	40.39
1987751.00	38.79
1987757.00	37.28
1988070.00	36.78
1988077.00	36.95
1988359.00	39.84
1988379.00	40.03
1988631.00	40.72
1988700.00	40.01
1988962.00	36.15
1989003.00	37.24
1989251.00	41.55
1989276.00	42.51
1989554.00	44.94
1989560.00	40.31
1989840.00	39.72
1989861.00	40.17
1990164.00	39.97
1990175.00	36.96
1990448.00	38.40
1990500.00	38.99
1990756.00	37.31
1990769.00	40.94
1991019.00	42.69
1991063.00	42.81
1991357.00	36.68
1991367.00	36.80
1991670.00	36.87
1991718.00	35.76
1991979.00	35.44
1991980.00	41.61
1992182.00	48.29
1992279.00	48.80
1992522.00	36.96
1992582.00	36.70
1992850.00	37.34
1992865.00	38.85
1993124.00	42.39
1993174.00	40.56
1993418.00	39.17
1993488.00	38.86
1993758.00	36.03
1993793.00	36.65
1994034.00	40.72
1994110.00	39.87
1994304.00	40.42
1994419.00	41.02
1994566.00	41.69
1994733.00	41.33
1994901.00	36.34
1995036.00	36.96
1995210.00	38.50
1995337.00	38.69
1995486.00	40.83
1995647.00	40.33
1995743.00	42.07
1995948.00	42.51
1996073.00	37.41
1996253.00	37.22
1996388.00	37.95
1996572.00	37.16
1996671.00	39.41
1996880.00	40.01
1996947.00	40.54
1997189.00	40.48
1997274.00	37.13
1997492.00	37.51
1997573.00	39.14
1997796.00	39.08
1997857.00	40.12
1998104.00	39.87
1998146.00	39.51
1998406.00	39.89
1998471.00	37.63
1998709.00	37.57
1998765.00	39.54
1998990.00	41.14
1999050.00	41.71
1999300.00	39.61
1999337.00	39.54
1999654.00	37.28
1999659.00	34.98
1999957.00	37.67
1999986.00	37.39
