1005049.00	0.00
1007867.00	0.00
1007938.00	0.19
1010023.00	0.26
1010460.00	0.46
1011612.00	0.54
1012610.00	0.59
1013131.00	0.60
1014406.00	0.67
1014584.00	0.69
1015665.00	0.70
1016584.00	0.69
1016779.00	0.75
1017886.00	0.75
1018225.00	0.81
1018923.00	0.84
1019750.00	0.87
1019927.00	0.88
1020868.00	0.92
1021232.00	0.93
1021796.00	0.94
1022591.00	1.04
1022833.00	1.01
1023463.00	0.95
1024249.00	1.02
1024377.00	1.03
1025095.00	0.98
1025696.00	1.04
1025878.00	1.09
1026695.00	1.06
1026936.00	1.09
1027466.00	1.13
1028276.00	1.09
1028400.00	1.03
1028993.00	1.11
1029818.00	1.01
1029973.00	0.99
1030609.00	1.02
1031257.00	1.10
1031468.00	1.04
1032137.00	1.22
1032554.00	1.21
1033018.00	1.02
1033878.00	1.04
1033979.00	1.00
1034776.00	0.97
1035330.00	0.99
1035667.00	1.00
1036565.00	0.99
1036611.00	1.02
1037350.00	1.10
1037934.00	1.09
1038238.00	1.01
1038972.00	1.14
1039467.00	1.08
1039861.00	0.95
1040638.00	1.04
1040991.00	1.04
1041552.00	0.94
1042368.00	0.97
1042377.00	1.04
1043309.00	0.96
1043856.00	0.94
1044236.00	0.94
1045199.00	0.92
1045470.00	0.89
1046063.00	0.95
1047027.00	0.89
1047054.00	0.89
1047860.00	0.98
1048534.00	1.00
1048831.00	0.91
1049782.00	0.93
1050061.00	0.91
1050762.00	0.90
1051623.00	0.97
1051844.00	0.92
1052631.00	0.83
1053541.00	0.89
1053569.00	0.90
1054593.00	0.82
1055030.00	0.88
1055666.00	0.87
1056568.00	0.85
1056765.00	0.84
1057728.00	0.90
1058224.00	0.88
1058848.00	0.80
1059879.00	0.80
1060081.00	0.76
1061226.00	0.79
1061332.00	0.84
1062249.00	0.89
1062760.00	0.90
1063408.00	0.84
1064466.00	0.78
1064486.00	0.81
1065690.00	0.76
1066027.00	0.79
1066828.00	0.81
1067394.00	0.86
1068079.00	0.82
1068809.00	0.81
1069255.00	0.83
1070445.00	0.78
1070525.00	0.75
1071778.00	0.75
1071988.00	0.77
1073054.00	0.77
1073266.00	0.84
1074236.00	0.87
1074462.00	0.90
1075523.00	0.86
1076093.00	0.74
1076705.00	0.78
1077802.00	0.77
1077953.00	0.74
1079001.00	0.88
1079121.00	0.91
1079932.00	1.03
1080355.00	1.01
1081446.00	0.79
1081575.00	0.79
1082802.00	0.79
1082847.00	0.82
1083988.00	0.83
1083992.00	0.92
1085190.00	0.91
1085220.00	0.88
1086238.00	0.95
1086623.00	0.89
1087419.00	0.84
1087741.00	0.93
1088496.00	0.98
1088825.00	0.99
1089666.00	0.95
1089900.00	0.96
1090761.00	0.99
1091266.00	0.88
1091908.00	0.86
1092500.00	0.90
1092982.00	0.93
1093597.00	0.99
1094101.00	0.97
1094623.00	1.00
1095071.00	1.07
1095930.00	0.96
1096161.00	0.90
1097146.00	0.93
1097172.00	0.97
1098224.00	1.03
1098235.00	1.00
1099047.00	1.16
1099278.00	1.17
1100085.00	1.02
1100506.00	0.95
1101077.00	0.98
1101607.00	1.03
1102094.00	1.01
1102657.00	1.04
1103092.00	1.05
1103738.00	1.03
1104090.00	1.03
1104936.00	0.98
1104958.00	1.06
1105928.00	1.00
1105991.00	1.06
1106723.00	1.18
1107018.00	1.20
1107673.00	1.09
1108049.00	1.08
1108488.00	1.18
1109201.00	1.12
1109428.00	1.04
1110253.00	1.11
1110338.00	1.12
1111169.00	1.06
1111331.00	1.12
1112059.00	1.14
1112274.00	1.17
1112956.00	1.17
1113391.00	1.08
1113748.00	1.16
1114589.00	1.12
1114621.00	1.06
1115365.00	1.17
1115571.00	1.27
1116225.00	1.17
1116560.00	1.16
1117053.00	1.19
1117640.00	1.14
1117898.00	1.13
1118625.00	1.23
1118645.00	1.27
1119455.00	1.18
1119569.00	1.22
1120181.00	1.32
1120496.00	1.32
1120995.00	1.24
1121538.00	1.17
1121804.00	1.18
1122558.00	1.19
1122606.00	1.19
1123292.00	1.31
1123471.00	1.37
1124081.00	1.27
1124443.00	1.23
1124941.00	1.17
1125484.00	1.14
1125723.00	1.20
1126417.00	1.29
1126477.00	1.31
1127189.00	1.23
1127370.00	1.29
1127889.00	1.36
1128257.00	1.37
1128652.00	1.31
1129275.00	1.23
1129353.00	1.29
1130102.00	1.24
1130277.00	1.25
1130799.00	1.30
1131140.00	1.39
1131538.00	1.35
1132050.00	1.31
1132260.00	1.33
1132990.00	1.32
1133034.00	1.28
1133660.00	1.34
1134002.00	1.35
1134380.00	1.30
1134835.00	1.39
1135042.00	1.45
1135649.00	1.47
1135749.00	1.42
1136417.00	1.46
1136632.00	1.35
1137118.00	1.31
1137538.00	1.36
1137802.00	1.37
1138335.00	1.45
1138493.00	1.45
1139160.00	1.42
1139168.00	1.44
1139855.00	1.43
1140118.00	1.34
1140457.00	1.45
1141022.00	1.48
1141140.00	1.38
1141765.00	1.45
1141767.00	1.58
1142445.00	1.51
1142460.00	1.56
1143085.00	1.61
1143399.00	1.41
1143757.00	1.37
1144388.00	1.34
1144395.00	1.38
1145063.00	1.34
1145092.00	1.56
1145642.00	1.78
1145646.00	1.89
1146308.00	1.78
1146557.00	1.39
1146927.00	1.45
1147418.00	1.49
1147583.00	1.44
1148080.00	1.70
1148127.00	1.83
1148726.00	1.58
1148890.00	1.53
1149351.00	1.56
1149765.00	1.47
1149994.00	1.44
1150463.00	1.60
1150631.00	1.61
1151136.00	1.64
1151270.00	1.63
1151799.00	1.65
1151834.00	1.76
1152469.00	1.65
1152641.00	1.48
1152990.00	1.66
1153405.00	1.73
1153619.00	1.55
1154082.00	1.64
1154162.00	1.78
1154718.00	1.83
1154792.00	1.69
1155344.00	1.81
1155528.00	1.63
1155966.00	1.52
1156289.00	1.57
1156575.00	1.58
1156964.00	1.67
1157197.00	1.65
1157629.00	1.67
1157751.00	1.77
1158366.00	1.68
1158409.00	1.56
1158895.00	1.70
1159111.00	1.77
1159512.00	1.63
1159777.00	1.67
1160110.00	1.70
1160459.00	1.68
1160725.00	1.66
1161222.00	1.57
1161261.00	1.70
1161873.00	1.58
1161897.00	1.67
1162414.00	1.78
1162554.00	1.80
1163025.00	1.69
1163216.00	1.68
1163639.00	1.68
1163960.00	1.59
1164252.00	1.60
1164702.00	1.60
1164780.00	1.74
1165351.00	1.84
1165393.00	1.70
1165968.00	1.74
1166064.00	1.67
1166683.00	1.73
1166703.00	1.60
1167230.00	1.71
1167495.00	1.65
1167844.00	1.55
1168146.00	1.69
1168408.00	1.77
1168806.00	1.76
1169025.00	1.68
1169534.00	1.60
1169593.00	1.68
1170207.00	1.61
1170220.00	1.66
1170781.00	1.71
1170852.00	1.78
1171395.00	1.72
1171489.00	1.71
1171998.00	1.73
1172207.00	1.64
1172615.00	1.61
1172914.00	1.63
1173182.00	1.70
1173542.00	1.80
1173799.00	1.72
1174213.00	1.67
1174369.00	1.74
1174932.00	1.68
1174981.00	1.62
1175565.00	1.66
1175621.00	1.69
1176180.00	1.65
1176243.00	1.73
1176788.00	1.74
1176864.00	1.74
1177404.00	1.73
1177584.00	1.61
1178009.00	1.63
1178301.00	1.63
1178626.00	1.62
1178922.00	1.73
1179172.00	1.85
1179582.00	1.79
1179791.00	1.68
1180300.00	1.61
1180365.00	1.68
1180988.00	1.61
1181008.00	1.62
1181577.00	1.67
1181620.00	1.79
1182203.00	1.73
1182218.00	1.75
1182796.00	1.80
1182947.00	1.64
1183423.00	1.59
1183630.00	1.64
1183973.00	1.76
1184233.00	1.86
1184599.00	1.74
1184864.00	1.71
1185189.00	1.76
1185602.00	1.63
1185815.00	1.58
1186293.00	1.84
1186312.00	1.88
1186899.00	2.03
1186915.00	1.77
1187449.00	1.84
1187518.00	1.86
1188140.00	1.83
1188202.00	1.57
1188756.00	1.58
1189007.00	1.54
1189379.00	1.53
1189581.00	1.79
1189930.00	1.90
1190036.00	2.15
1190550.00	2.04
1190797.00	1.57
1191060.00	1.75
1191522.00	1.79
1191676.00	1.61
1192129.00	1.75
1192209.00	1.89
1192785.00	1.82
1192826.00	1.68
1193367.00	1.81
1193546.00	1.69
1193978.00	1.58
1194159.00	1.75
1194575.00	1.77
1194754.00	1.80
1195185.00	1.78
1195342.00	1.79
1195724.00	1.90
1196096.00	1.70
1196326.00	1.60
1196789.00	1.66
1196842.00	1.81
1197406.00	1.91
1197441.00	1.76
1197989.00	1.81
1198020.00	1.84
1198615.00	1.82
1198740.00	1.61
1199131.00	1.75
1199448.00	1.79
1199721.00	1.66
1200084.00	1.75
1200241.00	1.87
1200708.00	1.89
1200826.00	1.77
1201415.00	1.77
1201448.00	1.63
1202000.00	1.64
1202117.00	1.72
1202501.00	1.87
1202753.00	1.91
1203080.00	1.77
1203407.00	1.75
1203715.00	1.66
1204142.00	1.57
1204294.00	1.65
1204792.00	1.75
1204806.00	1.87
1205377.00	1.76
1205426.00	1.78
1205901.00	1.87
1206066.00	1.86
1206470.00	1.78
1206785.00	1.69
1206993.00	1.77
1207505.00	1.77
1207556.00	1.70
1208079.00	1.77
1208132.00	1.88
1208639.00	1.81
1208729.00	1.85
1209185.00	1.88
1209439.00	1.73
1209739.00	1.72
1210206.00	1.66
1210250.00	1.75
1210798.00	1.68
1210836.00	1.83
1211304.00	1.91
1211474.00	1.90
1211846.00	1.83
1212178.00	1.75
1212361.00	1.80
1212842.00	1.85
1212902.00	1.80
1213432.00	1.82
1213455.00	1.88
1213968.00	1.87
1214070.00	1.87
1214493.00	1.89
1214767.00	1.79
1215027.00	1.77
1215449.00	1.79
1215496.00	1.93
1216029.00	1.79
1216059.00	1.88
1216519.00	1.97
1216708.00	1.92
1217050.00	1.83
1217401.00	1.78
1217551.00	1.84
1218070.00	1.87
1218080.00	1.81
1218584.00	1.86
1218674.00	1.95
1219110.00	1.90
1219275.00	1.91
1219573.00	2.05
1219974.00	1.93
1220097.00	1.79
1220594.00	1.85
1220669.00	1.85
1221116.00	1.80
1221274.00	1.91
1221516.00	2.22
1221913.00	2.18
1222036.00	1.87
1222541.00	1.90
1222609.00	1.83
1223062.00	1.80
1223296.00	1.81
1223575.00	1.83
1223887.00	1.95
1224095.00	1.94
1224463.00	1.96
1224558.00	2.09
1225074.00	1.97
1225164.00	1.80
1225500.00	2.02
1225821.00	2.07
1226017.00	1.85
1226396.00	1.97
1226466.00	2.12
1226981.00	1.97
1226998.00	1.93
1227434.00	2.07
1227703.00	1.94
1227948.00	1.80
1228375.00	1.84
1228454.00	1.86
1228933.00	2.02
1228967.00	2.01
1229422.00	2.14
1229450.00	2.22
1229930.00	2.09
1230157.00	1.81
1230371.00	1.97
1230879.00	1.81
1230909.00	1.77
1231372.00	1.80
1231443.00	2.09
1231866.00	2.36
1231879.00	2.33
1232325.00	2.47
1232569.00	1.96
1232832.00	1.82
1233237.00	1.86
1233277.00	2.01
1233784.00	1.86
1233791.00	2.02
1234294.00	2.02
1234393.00	1.94
1234801.00	1.94
1235086.00	1.83
1235236.00	2.01
1235642.00	2.20
1235743.00	2.02
1236183.00	2.05
1236297.00	1.96
1236713.00	1.98
1236808.00	2.06
1237258.00	2.20
1237390.00	1.98
1237764.00	1.85
1238012.00	1.92
1238227.00	2.02
1238564.00	2.13
1238735.00	2.03
1239081.00	2.09
1239201.00	2.18
1239706.00	2.09
1239747.00	1.86
1240177.00	1.94
1240376.00	1.99
1240682.00	1.91
1240937.00	2.02
1241176.00	2.04
1241489.00	2.06
1241681.00	2.03
1242140.00	1.88
1242148.00	1.97
1242649.00	1.89
1242729.00	1.98
1243113.00	2.07
1243289.00	2.11
1243611.00	2.03
1243862.00	2.01
1244089.00	2.05
1244506.00	1.95
1244588.00	1.91
1245076.00	2.01
1245080.00	2.03
1245578.00	2.02
1245634.00	2.04
1246069.00	2.05
1246196.00	2.04
1246567.00	2.03
1246828.00	1.92
1247006.00	2.07
1247459.00	2.07
1247503.00	1.93
1247965.00	2.01
1248011.00	2.13
1248466.00	2.04
1248534.00	2.09
1248936.00	2.17
1249159.00	2.00
1249437.00	1.93
1249831.00	1.87
1249913.00	1.92
1250383.00	2.10
1250413.00	2.04
1250852.00	2.19
1250940.00	2.18
1251353.00	2.03
1251557.00	1.94
1251821.00	2.01
1252141.00	2.06
1252321.00	1.99
1252677.00	2.07
1252703.00	2.40
1253198.00	2.08
1253217.00	2.08
1253680.00	2.10
1253828.00	1.99
1254176.00	1.96
1254430.00	1.97
1254667.00	1.98
1254963.00	2.10
1255163.00	2.09
1255533.00	2.02
1255603.00	2.15
1256096.00	2.03
1256142.00	1.97
1256504.00	2.19
1256728.00	2.22
1256997.00	2.00
1257257.00	2.10
1257425.00	2.27
1257781.00	2.28
1257915.00	2.12
1258350.00	2.25
1258390.00	2.11
1258839.00	1.98
1258998.00	1.98
1259321.00	1.99
1259524.00	2.13
1259811.00	2.11
1260082.00	2.05
1260246.00	2.19
1260688.00	2.11
1260732.00	1.99
1261151.00	2.16
1261288.00	2.17
1261639.00	1.99
1261802.00	2.14
1262109.00	2.18
1262304.00	2.21
1262594.00	2.18
1262913.00	1.99
1263018.00	2.14
1263485.00	2.20
1263501.00	2.05
1263925.00	2.20
1263989.00	2.32
1264408.00	2.17
1264513.00	2.13
1264897.00	2.12
1265125.00	1.97
1265378.00	1.99
1265712.00	2.02
1265792.00	2.21
1266196.00	2.40
1266275.00	2.22
1266647.00	2.30
1266804.00	2.20
1267264.00	1.88
1267288.00	1.97
1267716.00	2.12
1267919.00	2.07
1268198.00	1.93
1268388.00	2.25
1268638.00	2.36
1268755.00	2.68
1269122.00	2.57
1269372.00	1.98
1269565.00	2.08
1269958.00	2.12
1270044.00	2.03
1270447.00	2.21
1270494.00	2.29
1270972.00	2.22
1270975.00	2.13
1271441.00	2.15
1271588.00	2.01
1271918.00	2.00
1272080.00	2.21
1272359.00	2.30
1272558.00	2.33
1272833.00	2.25
1273028.00	2.27
1273270.00	2.36
1273631.00	2.11
1273742.00	2.02
1274182.00	2.11
1274191.00	2.17
1274660.00	2.11
1274673.00	2.23
1275122.00	2.25
1275134.00	2.33
1275589.00	2.31
1275726.00	2.05
1276048.00	2.07
1276289.00	2.12
1276517.00	2.10
1276789.00	2.22
1276925.00	2.38
1277282.00	2.40
1277390.00	2.24
1277821.00	2.33
1277867.00	2.16
1278287.00	2.06
1278396.00	2.16
1278725.00	2.23
1278900.00	2.29
1279191.00	2.21
1279416.00	2.19
1279635.00	2.25
1279997.00	2.13
1280101.00	2.07
1280510.00	2.23
1280514.00	2.34
1280975.00	2.19
1281019.00	2.21
1281412.00	2.29
1281528.00	2.28
1281876.00	2.20
1282103.00	2.09
1282231.00	2.44
1282679.00	2.44
1282693.00	2.09
1283141.00	2.12
1283184.00	2.26
1283605.00	2.22
1283662.00	2.27
1284063.00	2.29
1284234.00	2.11
1284525.00	2.10
1284857.00	2.02
1284934.00	2.17
1285365.00	2.36
1285398.00	2.21
1285777.00	2.46
1285882.00	2.44
1286236.00	2.20
1286457.00	2.10
1286637.00	2.27
1287001.00	2.32
1287096.00	2.15
1287500.00	2.31
1287504.00	2.39
1287958.00	2.24
1288011.00	2.23
1288409.00	2.25
1288588.00	2.12
1288866.00	2.10
1289156.00	2.12
1289274.00	2.25
1289661.00	2.37
1289728.00	2.24
1290120.00	2.42
1290199.00	2.36
1290577.00	2.17
1290778.00	2.10
1291019.00	2.13
1291334.00	2.17
1291475.00	2.14
1291839.00	2.23
1291873.00	2.41
1292329.00	2.23
1292336.00	2.25
1292729.00	2.42
1292919.00	2.26
1293184.00	2.10
1293501.00	2.10
1293645.00	2.08
1294004.00	2.23
1294102.00	2.24
1294494.00	2.43
1294540.00	2.37
1294952.00	2.17
1295124.00	2.09
1295454.00	1.99
1295702.00	2.00
1295913.00	2.09
1296198.00	2.24
1296321.00	2.40
1296684.00	2.42
1296778.00	2.27
1297199.00	2.38
1297276.00	2.18
1297659.00	2.07
1297832.00	2.13
1298081.00	2.23
1298324.00	2.36
1298537.00	2.26
1298836.00	2.22
1298966.00	2.29
1299424.00	2.22
1299439.00	2.06
1299871.00	2.09
1300018.00	2.12
1300328.00	2.10
1300495.00	2.29
1300751.00	2.39
1300943.00	2.46
1301206.00	2.37
1301554.00	2.05
1301625.00	2.16
1302078.00	2.06
1302206.00	2.01
1302510.00	2.07
1302672.00	2.39
1302962.00	2.33
1303037.00	2.65
1303405.00	2.67
1303653.00	2.08
1303858.00	2.05
1304242.00	2.09
1304301.00	2.12
1304729.00	2.31
1304753.00	2.28
1305149.00	2.45
1305260.00	2.36
1305600.00	2.20
1305872.00	2.06
1306017.00	2.15
1306368.00	2.36
1306469.00	2.27
1306845.00	2.31
1306894.00	2.39
1307316.00	2.40
1307348.00	2.31
1307778.00	2.38
1307921.00	2.13
1308229.00	2.07
1308477.00	2.15
1308626.00	2.32
1308971.00	2.44
1309076.00	2.27
1309437.00	2.34
1309505.00	2.40
1309955.00	2.34
1310038.00	2.08
1310299.00	2.45
1310610.00	2.50
1310746.00	2.13
1311119.00	2.25
1311182.00	2.29
1311621.00	2.30
1311633.00	2.25
1312076.00	2.27
1312216.00	2.10
1312527.00	2.09
1312756.00	2.18
1312925.00	2.34
1313270.00	2.39
1313375.00	2.23
1313744.00	2.50
1313795.00	2.47
1314191.00	2.21
1314387.00	2.10
1314581.00	2.28
1314914.00	2.39
1315027.00	2.22
1315421.00	2.37
1315428.00	2.40
1315868.00	2.24
1315945.00	2.23
1316308.00	2.25
1316529.00	2.14
1316754.00	2.12
1317115.00	2.12
1317150.00	2.27
1317593.00	2.12
1317626.00	2.26
1317975.00	2.45
1318110.00	2.51
1318419.00	2.32
1318689.00	2.13
1318849.00	2.17
1319290.00	2.14
1319315.00	2.07
1319678.00	2.24
1319827.00	2.43
1320119.00	2.26
1320346.00	2.25
1320506.00	2.42
1320919.00	2.32
1320947.00	2.15
1321391.00	2.14
1321462.00	2.19
1321832.00	2.20
1321962.00	2.29
1322211.00	2.48
1322465.00	2.48
1322650.00	2.28
1323034.00	2.16
1323136.00	2.05
1323577.00	2.16
1323594.00	2.17
1323967.00	2.33
1324092.00	2.45
1324407.00	2.29
1324620.00	2.23
1324810.00	2.34
1325186.00	2.27
1325252.00	2.16
1325657.00	2.27
1325730.00	2.30
1326094.00	2.21
1326221.00	2.32
1326507.00	2.39
1326707.00	2.40
1326944.00	2.33
1327272.00	2.17
1327374.00	2.19
1327814.00	2.17
1327836.00	2.17
1328219.00	2.27
1328324.00	2.42
1328657.00	2.32
1328840.00	2.26
1329060.00	2.37
1329404.00	2.28
1329495.00	2.18
1329912.00	2.24
1329960.00	2.25
1330347.00	2.20
1330436.00	2.36
1330774.00	2.38
1330901.00	2.41
1331209.00	2.39
1331470.00	2.17
1331637.00	2.19
1332001.00	2.26
1332073.00	2.24
1332456.00	2.41
1332469.00	2.54
1332892.00	2.37
1332954.00	2.34
1333295.00	2.43
1333526.00	2.26
1333733.00	2.16
1334071.00	2.21
1334142.00	2.29
1334522.00	2.49
1334579.00	2.41
1334942.00	2.50
1334997.00	2.56
1335434.00	2.50
1335516.00	2.16
1335820.00	2.33
1336126.00	2.27
1336257.00	2.10
1336559.00	2.46
1336672.00	2.53
1336901.00	2.86
1337111.00	2.79
1337445.00	3.17
1337473.00	2.54
1337882.00	2.16
1338020.00	2.21
1338307.00	2.24
1338471.00	2.45
1338749.00	2.40
1338963.00	2.30
1339182.00	2.32
1339531.00	2.18
1339621.00	2.16
1339990.00	2.39
1340015.00	2.53
1340435.00	2.57
1340454.00	2.43
1340817.00	2.68
1340870.00	2.71
1341256.00	2.45
1341427.00	2.18
1341639.00	2.36
1341939.00	2.45
1342080.00	2.26
1342395.00	2.39
1342465.00	2.57
1342820.00	2.65
1342902.00	2.49
1343337.00	2.49
1343369.00	2.21
1343773.00	2.20
1343889.00	2.26
1344164.00	2.40
1344354.00	2.53
1344599.00	2.39
1344808.00	2.41
1344973.00	2.61
1345351.00	2.42
1345410.00	2.21
1345832.00	2.25
1345841.00	2.36
1346267.00	2.32
1346306.00	2.38
1346648.00	2.56
1346782.00	2.53
1347082.00	2.36
1347318.00	2.24
1347464.00	2.40
1347795.00	2.52
1347898.00	2.36
1348259.00	2.39
1348336.00	2.38
1348728.00	2.37
1348770.00	2.38
1349143.00	2.58
1349256.00	2.45
1349578.00	2.24
1349785.00	2.24
1350055.00	2.13
1350247.00	2.28
1350491.00	2.39
1350686.00	2.45
1350877.00	2.61
1351207.00	2.42
1351311.00	2.26
1351710.00	2.37
1351773.00	2.29
1352147.00	2.17
1352237.00	2.38
1352547.00	2.49
1352705.00	2.48
1352979.00	2.38
1353226.00	2.27
1353387.00	2.35
1353718.00	2.41
1353820.00	2.33
1354172.00	2.42
1354247.00	2.43
1354627.00	2.43
1354680.00	2.41
1355081.00	2.51
1355146.00	2.37
1355515.00	2.27
1355654.00	2.29
1355912.00	2.40
1356108.00	2.52
1356341.00	2.43
1356589.00	2.36
1356752.00	2.42
1357107.00	2.34
1357181.00	2.28
1357603.00	2.31
1357604.00	2.35
1358031.00	2.33
1358053.00	2.45
1358451.00	2.47
1358496.00	2.48
1358881.00	2.45
1359012.00	2.29
1359256.00	2.47
1359530.00	2.46
1359683.00	2.29
1359977.00	2.45
1360079.00	2.55
1360452.00	2.48
1360506.00	2.38
1360909.00	2.46
1360969.00	2.37
1361337.00	2.29
1361482.00	2.30
1361746.00	2.36
1361920.00	2.54
1362177.00	2.47
1362349.00	2.50
1362553.00	2.68
1362872.00	2.45
1362981.00	2.27
1363363.00	2.34
1363389.00	2.40
1363795.00	2.55
1363817.00	2.49
1364145.00	2.88
1364245.00	2.83
1364574.00	2.44
1364773.00	2.27
1364990.00	2.31
1365279.00	2.35
1365422.00	2.30
1365698.00	2.51
1365846.00	2.54
1366087.00	2.64
1366277.00	2.62
1366618.00	2.25
1366661.00	2.40
1367091.00	2.25
1367188.00	2.19
1367446.00	2.45
1367591.00	2.84
1367876.00	2.58
1367907.00	2.94
1368249.00	3.12
1368443.00	2.44
1368681.00	2.24
1368953.00	2.29
1369058.00	2.47
1369376.00	2.69
1369486.00	2.52
1369837.00	2.42
1369910.00	2.42
1370337.00	2.42
1370372.00	2.26
1370720.00	2.40
1370804.00	2.64
1371145.00	2.50
1371223.00	2.54
1371512.00	2.74
1371634.00	2.77
1371939.00	2.55
1372162.00	2.27
1372351.00	2.32
1372647.00	2.41
1372776.00	2.36
1373080.00	2.50
1373147.00	2.68
1373485.00	2.77
1373571.00	2.59
1373945.00	2.76
1374006.00	2.46
1374365.00	2.30
1374504.00	2.35
1374792.00	2.33
1374948.00	2.46
1375216.00	2.47
1375383.00	2.49
1375577.00	2.71
1375901.00	2.52
1375998.00	2.31
1376375.00	2.40
1376462.00	2.29
1376820.00	2.36
1376883.00	2.47
1377258.00	2.63
1377277.00	2.60
1377677.00	2.45
1377794.00	2.31
1378062.00	2.43
1378255.00	2.55
1378484.00	2.43
1378702.00	2.47
1378869.00	2.59
1379156.00	2.57
1379287.00	2.46
1379669.00	2.33
1379679.00	2.41
1380095.00	2.33
1380183.00	2.33
1380506.00	2.35
1380634.00	2.49
1380921.00	2.48
1381061.00	2.55
1381307.00	2.64
1381571.00	2.43
1381723.00	2.34
1382105.00	2.46
1382125.00	2.37
1382518.00	2.26
1382581.00	2.47
1382911.00	2.54
1383041.00	2.52
1383324.00	2.46
1383552.00	2.34
1383731.00	2.36
1384038.00	2.42
1384142.00	2.41
1384487.00	2.49
1384547.00	2.51
1384937.00	2.51
1384960.00	2.49
1385320.00	2.68
1385452.00	2.53
1385733.00	2.34
1385958.00	2.36
1386112.00	2.47
1386407.00	2.60
1386525.00	2.49
1386885.00	2.42
1386913.00	2.50
1387323.00	2.42
1387400.00	2.34
1387716.00	2.41
1387896.00	2.45
1388129.00	2.38
1388344.00	2.49
1388488.00	2.69
1388787.00	2.70
1388901.00	2.51
1389289.00	2.60
1389304.00	2.42
1389701.00	2.33
1389823.00	2.33
1390015.00	2.74
1390272.00	2.90
1390423.00	2.51
1390747.00	2.44
1390822.00	2.47
1391234.00	2.43
1391267.00	2.33
1391639.00	2.35
1391781.00	2.36
1392053.00	2.34
1392223.00	2.51
1392417.00	2.68
1392655.00	2.71
1392830.00	2.54
1393170.00	2.82
1393180.00	2.60
1393579.00	2.33
1393674.00	2.40
1393938.00	2.58
1394109.00	2.72
1394349.00	2.54
1394563.00	2.49
1394712.00	2.66
1395094.00	2.49
1395123.00	2.31
1395528.00	2.33
1395604.00	2.37
1395941.00	2.35
1396024.00	2.57
1396307.00	2.74
1396418.00	2.83
1396717.00	2.67
1396953.00	2.31
1397071.00	2.51
1397481.00	2.31
1397527.00	2.24
1397881.00	2.28
1397933.00	2.66
1398252.00	3.02
1398294.00	2.98
1398652.00	3.17
1398791.00	2.49
1399064.00	2.29
1399304.00	2.34
1399425.00	2.53
1399730.00	2.74
1399835.00	2.56
1400194.00	2.46
1400251.00	2.44
1400660.00	2.47
1400731.00	2.31
1401013.00	2.51
1401164.00	2.75
1401425.00	2.53
1401584.00	2.58
1401877.00	2.47
1401997.00	2.49
1402292.00	2.59
1402525.00	2.30
1402656.00	2.48
1403011.00	2.57
1403068.00	2.40
1403445.00	2.54
1403448.00	2.65
1403850.00	2.73
1403860.00	2.63
1404239.00	2.74
1404374.00	2.44
1404650.00	2.33
1404872.00	2.38
1405035.00	2.47
1405318.00	2.59
1405449.00	2.50
1405753.00	2.52
1405852.00	2.56
1406263.00	2.53
1406273.00	2.33
1406647.00	2.43
1406745.00	2.53
1407056.00	2.44
1407193.00	2.50
1407435.00	2.61
1407650.00	2.58
1407843.00	2.49
1408168.00	2.35
1408233.00	2.41
1408629.00	2.53
1408644.00	2.46
1409045.00	2.50
1409078.00	2.53
1409453.00	2.51
1409531.00	2.49
1409855.00	2.51
1410043.00	2.38
1410263.00	2.36
1410556.00	2.36
1410623.00	2.53
1411005.00	2.68
1411031.00	2.51
1411407.00	2.61
1411430.00	2.68
1411817.00	2.57
1411938.00	2.36
1412200.00	2.46
1412488.00	2.37
1412609.00	2.28
1412940.00	2.49
1413000.00	2.55
1413395.00	2.55
1413409.00	2.49
1413767.00	2.67
1413901.00	2.55
1414176.00	2.37
1414380.00	2.43
1414563.00	2.51
1414823.00	2.60
1414971.00	2.52
1415267.00	2.52
1415281.00	2.94
1415688.00	2.52
1415773.00	2.37
1416085.00	2.41
1416272.00	2.43
1416493.00	2.38
1416714.00	2.52
1416895.00	2.54
1417185.00	2.47
1417303.00	2.45
1417666.00	2.61
1417692.00	2.54
1418076.00	2.36
1418178.00	2.41
1418410.00	2.71
1418618.00	2.82
1418817.00	2.53
1419053.00	2.55
1419173.00	2.74
1419560.00	2.57
1419578.00	2.38
1419937.00	2.55
1420067.00	2.55
1420343.00	2.38
1420507.00	2.54
1420743.00	2.56
1420972.00	2.49
1421150.00	2.47
1421480.00	2.37
1421512.00	2.54
1421915.00	2.38
1421983.00	2.39
1422265.00	2.59
1422414.00	2.78
1422669.00	2.57
1422833.00	2.60
1423063.00	2.64
1423346.00	2.41
1423471.00	2.36
1423824.00	2.56
1423826.00	2.63
1424233.00	2.42
1424250.00	2.57
1424590.00	2.77
1424690.00	2.72
1424995.00	2.54
1425206.00	2.36
1425407.00	2.34
1425699.00	2.38
1425813.00	2.40
1426110.00	2.63
1426164.00	2.83
1426489.00	2.93
1426572.00	2.72
1427006.00	2.35
1427020.00	2.23
1427431.00	2.34
1427559.00	2.27
1427794.00	2.45
1427953.00	2.84
1428203.00	2.67
1428262.00	3.04
1428581.00	3.15
1428783.00	2.45
1428990.00	2.34
1429278.00	2.39
1429367.00	2.50
1429691.00	2.72
1429776.00	2.61
1430138.00	2.51
1430158.00	2.59
1430569.00	2.50
1430656.00	2.34
1430971.00	2.37
1431074.00	2.61
1431378.00	2.59
1431479.00	2.63
1431761.00	2.72
1431877.00	2.75
1432167.00	2.66
1432387.00	2.37
1432543.00	2.48
1432854.00	2.57
1432950.00	2.46
1433271.00	2.60
1433336.00	2.67
1433660.00	2.76
1433745.00	2.69
1434144.00	2.72
1434163.00	2.41
1434551.00	2.38
1434641.00	2.44
1434951.00	2.46
1435068.00	2.59
1435356.00	2.58
1435486.00	2.60
1435713.00	2.78
1435984.00	2.58
1436119.00	2.40
1436437.00	2.50
1436492.00	2.62
1436865.00	2.68
1436900.00	2.56
1437281.00	2.65
1437303.00	2.62
1437688.00	2.54
1437798.00	2.40
1438077.00	2.46
1438242.00	2.59
1438483.00	2.53
1438672.00	2.57
1438839.00	2.75
1439104.00	2.74
1439246.00	2.55
1439596.00	2.40
1439629.00	2.49
1440037.00	2.40
1440087.00	2.40
1440346.00	2.82
1440518.00	2.98
1440750.00	2.57
1440925.00	2.64
1441146.00	2.67
1441413.00	2.45
1441551.00	2.42
1441942.00	2.33
1441951.00	2.35
1442358.00	2.33
1442377.00	2.55
1442719.00	2.72
1442816.00	2.71
1443125.00	2.54
1443304.00	2.41
1443459.00	2.70
1443767.00	2.76
1443862.00	2.49
1444196.00	2.58
1444216.00	2.76
1444620.00	2.57
1444627.00	2.57
1444977.00	2.75
1445118.00	2.59
1445380.00	2.42
1445603.00	2.44
1445778.00	2.45
1446035.00	2.58
1446182.00	2.57
1446493.00	2.50
1446543.00	2.65
1446942.00	2.51
1446988.00	2.43
1447291.00	2.62
1447463.00	2.67
1447693.00	2.46
1447893.00	2.58
1448081.00	2.63
1448319.00	2.64
1448484.00	2.58
1448815.00	2.40
1448835.00	2.60
1449237.00	2.41
1449313.00	2.41
1449589.00	2.60
1449744.00	2.76
1449989.00	2.58
1450201.00	2.51
1450393.00	2.50
1450699.00	2.40
1450794.00	2.41
1451137.00	2.63
1451194.00	2.64
1451537.00	2.42
1451618.00	2.60
1451978.00	2.47
1452028.00	2.52
1452381.00	2.63
1452533.00	2.39
1452737.00	2.57
1453006.00	2.64
1453137.00	2.47
1453422.00	2.62
1453507.00	2.74
1453857.00	2.69
1453909.00	2.57
1454276.00	2.69
1454363.00	2.51
1454677.00	2.39
1454851.00	2.43
1455053.00	2.53
1455255.00	2.75
1455452.00	2.67
1455629.00	2.77
1455845.00	2.79
1456139.00	2.41
1456246.00	2.39
1456617.00	2.49
1456686.00	2.42
1457018.00	2.32
1457074.00	2.72
1457378.00	3.09
1457386.00	3.21
1457783.00	3.10
1457892.00	2.39
1458165.00	2.45
1458382.00	2.50
1458564.00	2.44
1458789.00	2.65
1458957.00	2.68
1459231.00	2.58
1459355.00	2.56
1459744.00	2.39
1459746.00	2.42
1460146.00	2.38
1460158.00	2.63
1460496.00	2.82
1460558.00	2.87
1460895.00	2.68
1460951.00	2.71
1461264.00	2.82
1461457.00	2.51
1461664.00	2.40
1461919.00	2.50
1462039.00	2.59
1462333.00	2.72
1462440.00	2.63
1462720.00	2.72
1462822.00	2.79
1463219.00	2.47
1463223.00	2.41
1463574.00	2.60
1463695.00	2.65
1463976.00	2.46
1464122.00	2.59
1464356.00	2.67
1464538.00	2.70
1464757.00	2.62
1465034.00	2.42
1465063.00	2.83
1465463.00	2.42
1465488.00	2.52
1465854.00	2.55
1465916.00	2.62
1466257.00	2.58
1466354.00	2.55
1466653.00	2.57
1466850.00	2.43
1467057.00	2.41
1467294.00	2.53
1467414.00	2.71
1467724.00	2.75
1467818.00	2.57
1468150.00	2.87
1468159.00	2.85
1468552.00	2.57
1468653.00	2.42
1468903.00	2.62
1469148.00	2.61
1469304.00	2.42
1469583.00	2.57
1469659.00	2.75
1469994.00	2.82
1470060.00	2.64
1470455.00	2.66
1470486.00	2.45
1470857.00	2.42
1471020.00	2.33
1471214.00	2.51
1471459.00	2.72
1471613.00	2.56
1471903.00	2.55
1471958.00	2.76
1472357.00	2.54
1472396.00	2.43
1472745.00	2.47
1472865.00	2.52
1473144.00	2.48
1473299.00	2.58
1473492.00	2.78
1473734.00	2.77
1473890.00	2.58
1474231.00	2.43
1474239.00	2.61
1474635.00	2.43
1474721.00	2.45
1475037.00	2.43
1475155.00	2.57
1475432.00	2.58
1475619.00	2.51
1475773.00	2.73
1476118.00	2.65
1476169.00	2.43
1476598.00	2.47
1476604.00	2.35
1477001.00	2.46
1477033.00	2.58
1477351.00	2.76
1477462.00	2.78
1477747.00	2.60
1477963.00	2.42
1478110.00	2.55
1478466.00	2.54
1478504.00	2.42
1478867.00	2.54
1478903.00	2.70
1479260.00	2.59
1479364.00	2.52
1479629.00	2.62
1479870.00	2.52
1480022.00	2.42
1480371.00	2.43
1480407.00	2.46
1480799.00	2.44
1480800.00	2.62
1481165.00	2.72
1481219.00	2.75
1481554.00	2.65
1481732.00	2.42
1481914.00	2.54
1482214.00	2.60
1482304.00	2.49
1482637.00	2.64
1482675.00	2.71
1483064.00	2.64
1483080.00	2.59
1483447.00	2.61
1483598.00	2.44
1483836.00	2.42
1484094.00	2.46
1484217.00	2.49
1484506.00	2.71
1484607.00	2.67
1484889.00	2.77
1484947.00	2.97
1485335.00	2.78
1485411.00	2.41
1485695.00	2.52
1485968.00	2.45
1486084.00	2.34
1486364.00	2.73
1486450.00	2.82
1486676.00	3.19
1486838.00	3.10
1487199.00	2.40
1487211.00	2.45
1487601.00	2.40
1487698.00	2.45
1487944.00	2.64
1488112.00	2.86
1488334.00	2.67
1488561.00	2.57
1488703.00	2.64
1489080.00	2.48
1489095.00	2.40
1489392.00	2.83
1489500.00	3.08
1489782.00	2.65
1489904.00	2.70
1490163.00	2.73
1490304.00	2.75
1490556.00	2.71
1490814.00	2.42
1490944.00	2.43
1491280.00	2.53
1491336.00	2.52
1491685.00	2.68
1491697.00	2.82
1492079.00	2.65
1492087.00	2.74
1492403.00	3.03
1492589.00	2.73
1492794.00	2.44
1493066.00	2.49
1493138.00	2.68
1493492.00	2.81
1493531.00	2.62
1493877.00	2.80
1493911.00	2.83
1494268.00	2.65
1494409.00	2.45
1494656.00	2.46
1494862.00	2.56
1495050.00	2.54
1495290.00	2.61
1495400.00	2.78
1495728.00	2.76
1495791.00	2.60
1496130.00	2.81
1496222.00	2.67
1496522.00	2.45
1496664.00	2.58
1496902.00	2.62
1497094.00	2.65
1497295.00	2.61
1497527.00	2.60
1497637.00	2.81
1498017.00	2.66
1498030.00	2.46
1498373.00	2.65
1498508.00	2.65
1498764.00	2.46
1498937.00	2.61
1499159.00	2.60
1499344.00	2.67
1499550.00	2.69
1499829.00	2.48
1499887.00	2.69
1500278.00	2.47
1500355.00	2.39
1500707.00	2.26
1500787.00	2.48
1501101.00	2.60
1501222.00	2.59
1501448.00	2.78
1501707.00	2.65
1501839.00	2.47
1502166.00	2.53
1502200.00	2.65
1502592.00	2.62
1502951.00	2.75
1503016.00	2.75
1503342.00	2.63
1503502.00	2.47
1503708.00	2.57
1503980.00	2.58
1504100.00	2.48
1504407.00	2.62
1504482.00	2.66
1504859.00	2.59
1504872.00	2.55
1505236.00	2.66
1505348.00	2.57
1505625.00	2.47
1505818.00	2.51
1505982.00	2.63
1506242.00	2.76
1506368.00	2.65
1506663.00	2.66
1506739.00	2.72
1507126.00	2.66
1507155.00	2.47
1507507.00	2.50
1507648.00	2.50
1507894.00	2.47
1508075.00	2.64
1508274.00	2.67
1508527.00	2.60
1508661.00	2.57
1509000.00	2.76
1509022.00	2.66
1509386.00	2.47
1509514.00	2.48
1509741.00	2.60
1509935.00	2.78
1510129.00	2.66
1510345.00	2.69
1510490.00	2.79
1510847.00	2.55
1510876.00	2.46
1511246.00	2.52
1511319.00	2.58
1511632.00	2.52
1511734.00	2.68
1511970.00	2.87
1512168.00	2.82
1512357.00	2.62
1512675.00	2.44
1512721.00	2.52
1513109.00	2.44
1513162.00	2.48
1513402.00	2.93
1513565.00	3.16
1513788.00	2.72
1513939.00	2.82
1514164.00	2.86
1514452.00	2.47
1514551.00	2.43
1514933.00	2.45
1514998.00	2.38
1515322.00	2.36
1515387.00	2.76
1515667.00	2.92
1515694.00	3.30
1516055.00	3.13
1516209.00	2.42
1516376.00	2.72
1516701.00	2.76
1516763.00	2.47
1517103.00	2.67
1517109.00	2.89
1517491.00	2.70
1517554.00	2.59
1517833.00	2.78
1518070.00	2.61
1518221.00	2.42
1518485.00	2.67
1518605.00	2.68
1518889.00	2.72
1518994.00	2.70
1519285.00	2.73
1519340.00	2.90
1519727.00	2.74
1519793.00	2.44
1520063.00	2.65
1520260.00	2.74
1520451.00	2.53
1520676.00	2.67
1520827.00	2.71
1521067.00	2.79
1521217.00	2.74
1521557.00	2.94
1521570.00	2.64
1521947.00	2.44
1522049.00	2.49
1522288.00	2.70
1522477.00	2.83
1522678.00	2.63
1522894.00	2.66
1523070.00	2.65
1523394.00	2.44
1523460.00	2.44
1523795.00	2.68
1523847.00	2.79
1524187.00	2.55
1524277.00	2.61
1524616.00	2.49
1524716.00	2.47
1525010.00	2.58
1525212.00	2.44
1525357.00	2.62
1525657.00	2.75
1525751.00	2.57
1526086.00	2.61
1526112.00	2.73
1526506.00	2.61
1526520.00	2.59
1526870.00	2.71
1527011.00	2.56
1527263.00	2.46
1527504.00	2.45
1527631.00	2.54
1527935.00	2.69
1528027.00	2.60
1528344.00	2.67
1528412.00	2.70
1528808.00	2.67
1528833.00	2.45
1529175.00	2.56
1529363.00	2.47
1529567.00	2.37
1529799.00	2.59
1529929.00	2.71
1530239.00	2.70
1530320.00	2.59
1530694.00	2.66
1530728.00	2.53
1531085.00	2.46
1531194.00	2.52
1531471.00	2.54
1531624.00	2.64
1531862.00	2.62
1532056.00	2.61
1532244.00	2.64
1532549.00	2.48
1532635.00	2.46
1532977.00	2.66
1533037.00	2.67
1533366.00	2.47
1533470.00	2.62
1533725.00	2.73
1533931.00	2.65
1534116.00	2.53
1534428.00	2.45
1534482.00	2.54
1534870.00	2.46
1534908.00	2.50
1535242.00	2.56
1535343.00	2.68
1535631.00	2.61
1535772.00	2.62
1535971.00	2.82
1536275.00	2.63
1536360.00	2.44
1536727.00	2.52
1536779.00	2.52
1537115.00	2.45
1537215.00	2.61
1537411.00	3.03
1537679.00	2.96
1537796.00	2.55
1538171.00	2.58
1538184.00	2.49
1538560.00	2.43
1538686.00	2.45
1538942.00	2.47
1539114.00	2.65
1539329.00	2.63
1539533.00	2.66
1539674.00	2.83
1540045.00	2.60
1540062.00	2.43
1540380.00	2.74
1540527.00	2.80
1540766.00	2.50
1540951.00	2.65
1541103.00	2.85
1541393.00	2.80
1541488.00	2.60
1541827.00	2.79
1541910.00	2.62
1542212.00	2.43
1542409.00	2.47
1542593.00	2.48
1542821.00	2.71
1542978.00	2.69
1543206.00	2.79
1543320.00	2.96
1543702.00	2.80
1543730.00	2.42
1544033.00	2.64
1544292.00	2.58
1544414.00	2.36
1544689.00	2.76
1544787.00	2.79
1545004.00	3.13
1545168.00	3.10
1545505.00	3.29
1545532.00	2.61
1545886.00	2.42
1546037.00	2.46
1546221.00	2.66
1546457.00	2.88
1546600.00	2.69
1546911.00	2.59
1546985.00	2.58
1547366.00	2.59
1547439.00	2.42
1547692.00	2.66
1547865.00	2.90
1548074.00	2.66
1548276.00	2.70
1548493.00	2.58
1548681.00	2.61
1548875.00	2.73
1549201.00	2.43
1549213.00	2.62
1549594.00	2.44
1549676.00	2.53
1549946.00	2.65
1550099.00	2.78
1550327.00	2.67
1550495.00	2.76
1550680.00	2.87
1551007.00	2.57
1551059.00	2.46
1551418.00	2.54
1551491.00	2.60
1551800.00	2.51
1551925.00	2.64
1552175.00	2.67
1552349.00	2.69
1552558.00	2.66
1552854.00	2.45
1552913.00	2.57
1553294.00	2.47
1553313.00	2.57
1553646.00	2.69
1553746.00	2.76
1554026.00	2.65
1554190.00	2.62
1554391.00	2.67
1554693.00	2.53
1554772.00	2.47
1555142.00	2.60
1555147.00	2.62
1555528.00	2.60
1555576.00	2.64
1555903.00	2.67
1556015.00	2.65
1556284.00	2.63
1556511.00	2.49
1556618.00	2.68
1556999.00	2.49
1557010.00	2.48
1557351.00	2.60
1557446.00	2.75
1557733.00	2.62
1557859.00	2.69
1558091.00	2.80
1558352.00	2.59
1558471.00	2.49
1558835.00	2.56
1558886.00	2.47
1559217.00	2.40
1559324.00	2.62
1559551.00	2.83
1559766.00	2.81
1559933.00	2.61
1560257.00	2.49
1560293.00	2.58
1560676.00	2.49
1560723.00	2.55
1560966.00	3.00
1561154.00	3.10
1561345.00	2.66
1561584.00	2.66
1561716.00	2.69
1562074.00	2.53
1562099.00	2.49
1562476.00	2.51
1562557.00	2.53
1562858.00	2.50
1562985.00	2.65
1563197.00	2.83
1563439.00	2.76
1563581.00	2.58
1563895.00	2.89
1563928.00	2.80
1564276.00	2.50
1564397.00	2.54
1564611.00	2.75
1564821.00	2.87
1564991.00	2.67
1565240.00	2.68
1565327.00	2.87
1565708.00	2.68
1565728.00	2.50
1566085.00	2.52
1566216.00	2.52
1566468.00	2.50
1566638.00	2.67
1566808.00	2.85
1567086.00	2.77
1567187.00	2.60
1567515.00	2.83
1567575.00	2.73
1567897.00	2.50
1568061.00	2.51
1568266.00	2.56
1568475.00	2.75
1568647.00	2.70
1568878.00	2.73
1568980.00	2.95
1569360.00	2.74
1569372.00	2.49
1569694.00	2.69
1569837.00	2.76
1570074.00	2.56
1570246.00	2.73
1570456.00	2.71
1570672.00	2.66
1570836.00	2.67
1571161.00	2.91
1571171.00	2.72
1571542.00	2.48
1571652.00	2.52
1571958.00	2.40
1572048.00	2.64
1572340.00	2.75
1572417.00	2.85
1572675.00	3.05
1572921.00	2.66
1573055.00	2.47
1573403.00	2.60
1573459.00	2.54
1573784.00	2.40
1573842.00	2.80
1574133.00	2.93
1574144.00	3.31
1574511.00	3.19
1574651.00	2.47
1574866.00	2.57
1575136.00	2.62
1575246.00	2.52
1575537.00	2.75
1575617.00	2.77
1575973.00	2.67
1575996.00	2.65
1576348.00	2.75
1576480.00	2.58
1576726.00	2.47
1576889.00	2.73
1577074.00	2.85
1577283.00	2.90
1577451.00	2.78
1577672.00	2.80
1577810.00	2.87
1578171.00	2.57
1578189.00	2.49
1578561.00	2.52
1578627.00	2.62
1578937.00	2.60
1579034.00	2.74
1579308.00	2.76
1579415.00	2.85
1579686.00	2.82
1579906.00	2.51
1580017.00	2.71
1580374.00	2.77
1580394.00	2.56
1580743.00	2.68
1580790.00	2.83
1581123.00	2.70
1581199.00	2.72
1581477.00	2.82
1581686.00	2.61
1581856.00	2.51
1582129.00	2.62
1582217.00	2.69
1582548.00	2.76
1582597.00	2.69
1582929.00	2.90
1582976.00	2.87
1583309.00	2.66
1583459.00	2.51
1583668.00	2.60
1583893.00	2.73
1584047.00	2.65
1584312.00	2.69
1584337.00	3.12
1584714.00	2.70
1584736.00	2.68
1585084.00	2.71
1585216.00	2.56
1585464.00	2.53
1585698.00	2.52
1585841.00	2.53
1586119.00	2.69
1586220.00	2.68
1586518.00	2.75
1586560.00	2.92
1586942.00	2.75
1586995.00	2.53
1587256.00	2.83
1587513.00	2.74
1587637.00	2.44
1587939.00	2.67
1587968.00	2.87
1588349.00	2.67
1588367.00	2.66
1588684.00	2.85
1588845.00	2.72
1589064.00	2.53
1589299.00	2.59
1589440.00	2.61
1589719.00	2.71
1589820.00	2.69
1590139.00	2.68
1590160.00	2.85
1590539.00	2.68
1590619.00	2.53
1590866.00	2.75
1591094.00	2.76
1591247.00	2.53
1591516.00	2.68
1591615.00	2.73
1591963.00	2.66
1591994.00	2.61
1592328.00	2.80
1592446.00	2.71
1592707.00	2.53
1592912.00	2.57
1593039.00	2.76
1593332.00	2.88
1593416.00	2.70
1593749.00	2.71
1593798.00	2.69
1594178.00	2.70
1594234.00	2.51
1594503.00	2.75
1594721.00	2.75
1594880.00	2.52
1595142.00	2.70
1595296.00	2.56
1595588.00	2.48
1595676.00	2.61
1596012.00	2.80
1596076.00	2.70
1596389.00	2.51
1596561.00	2.52
1596739.00	2.64
1596974.00	2.83
1597116.00	2.72
1597378.00	2.75
1597466.00	2.86
1597842.00	2.76
1597871.00	2.51
1598197.00	2.60
1598336.00	2.66
1598574.00	2.57
1598745.00	2.73
1598945.00	2.76
1599172.00	2.70
1599323.00	2.68
1599671.00	2.49
1599673.00	2.61
1600049.00	2.50
1600151.00	2.54
1600395.00	2.67
1600549.00	2.89
1600769.00	2.78
1600920.00	2.88
1601128.00	2.94
1601424.00	2.55
1601502.00	2.49
1601870.00	2.52
1601965.00	2.44
1602244.00	2.42
1602350.00	2.83
1602612.00	2.85
1602652.00	3.24
1602986.00	3.21
1603162.00	2.48
1603314.00	2.68
1603648.00	2.73
1603688.00	2.53
1604034.00	2.65
1604053.00	2.87
1604409.00	2.75
1604491.00	2.65
1604759.00	2.76
1605002.00	2.58
1605133.00	2.48
1605413.00	2.73
1605492.00	2.80
1605810.00	2.84
1605868.00	2.77
1606195.00	2.99
1606203.00	3.00
1606572.00	2.79
1606704.00	2.49
1606926.00	2.58
1607165.00	2.67
1607302.00	2.59
1607576.00	2.73
1607588.00	3.19
1607961.00	3.27
1607963.00	2.82
1608328.00	2.86
1608458.00	2.54
1608705.00	2.49
1608932.00	2.55
1609078.00	2.57
1609354.00	2.70
1609455.00	2.69
1609769.00	2.72
1609791.00	2.89
1610168.00	2.71
1610263.00	2.50
1610479.00	2.81
1610714.00	2.91
1610856.00	2.61
1611140.00	2.68
1611186.00	2.88
1611563.00	2.68
1611576.00	2.65
1611895.00	2.84
1612070.00	2.70
1612272.00	2.51
1612512.00	2.63
1612645.00	2.64
1612941.00	2.68
1613023.00	2.67
1613358.00	2.84
1613375.00	2.83
1613734.00	2.66
1613866.00	2.51
1614059.00	2.74
1614359.00	2.73
1614435.00	2.51
1614791.00	2.67
1614800.00	2.71
1615176.00	2.67
1615200.00	2.73
1615507.00	2.93
1615690.00	2.72
1615883.00	2.52
1616212.00	2.73
1616221.00	2.64
1616587.00	2.44
1616655.00	2.67
1616966.00	2.65
1617095.00	2.63
1617342.00	2.65
1617584.00	2.53
1617663.00	2.77
1618038.00	2.53
1618048.00	2.58
1618451.00	2.45
1618475.00	2.55
1618828.00	2.67
1618905.00	2.67
1619159.00	2.86
1619394.00	2.71
1619535.00	2.52
1619878.00	2.53
1619880.00	2.67
1620255.00	2.54
1620305.00	2.69
1620600.00	2.81
1620759.00	2.73
1620973.00	2.62
1621250.00	2.53
1621324.00	2.62
1621700.00	2.52
1621721.00	2.56
1622066.00	2.60
1622147.00	2.72
1622439.00	2.69
1622567.00	2.71
1622787.00	2.81
1623058.00	2.63
1623157.00	2.54
1623501.00	2.65
1623552.00	2.64
1623872.00	2.53
1623978.00	2.70
1624226.00	2.77
1624430.00	2.69
1624599.00	2.62
1624924.00	2.53
1624963.00	2.56
1625334.00	2.53
1625415.00	2.53
1625698.00	2.56
1625834.00	2.75
1626069.00	2.72
1626244.00	2.76
1626394.00	2.96
1626745.00	2.72
1626764.00	2.52
1627106.00	2.63
1627216.00	2.70
1627477.00	2.58
1627630.00	2.74
1627823.00	2.84
1628062.00	2.79
1628192.00	2.69
1628546.00	2.76
1628569.00	2.57
1628917.00	2.50
1629056.00	2.55
1629240.00	2.76
1629459.00	2.99
1629610.00	2.78
1629832.00	2.88
1629960.00	2.97
1630329.00	2.88
1630343.00	2.50
1630610.00	2.96
1630889.00	2.90
1630977.00	2.45
1631278.00	2.84
1631335.00	2.87
1631582.00	3.25
1631705.00	3.21
1632070.00	3.23
1632096.00	2.51
1632439.00	2.49
1632586.00	2.54
1632767.00	2.73
1632991.00	2.95
1633138.00	2.77
1633430.00	2.67
1633441.00	2.98
1633810.00	2.67
1633942.00	2.50
1634132.00	2.71
1634355.00	2.96
1634501.00	2.75
1634752.00	2.80
1634826.00	2.99
1635143.00	3.02
1635194.00	2.83
1635559.00	2.84
1635646.00	2.54
1635928.00	2.52
1636106.00	2.61
1636257.00	2.79
1636515.00	2.94
1636624.00	2.77
1636898.00	2.86
1636942.00	3.08
1637312.00	2.85
1637393.00	2.53
1637669.00	2.59
1637862.00	2.64
1638037.00	2.59
1638283.00	2.73
1638360.00	2.93
1638693.00	2.96
1638730.00	2.75
1639052.00	2.97
1639183.00	2.76
1639422.00	2.55
1639629.00	2.65
1639794.00	2.64
1640051.00	2.71
1640164.00	2.72
1640480.00	2.97
1640481.00	2.95
1640850.00	2.69
1640969.00	2.54
1641256.00	2.42
1641405.00	2.55
1641628.00	2.67
1641827.00	2.71
1641955.00	2.91
1642255.00	2.89
1642325.00	2.70
1642667.00	2.82
1642738.00	2.68
1643039.00	2.55
1643223.00	2.55
1643380.00	2.67
1643648.00	2.83
1643750.00	2.71
1644050.00	2.78
1644097.00	2.88
1644470.00	2.77
1644531.00	2.56
1644834.00	2.59
1645053.00	2.50
1645204.00	2.47
1645481.00	2.70
1645549.00	2.81
1645914.00	2.80
1645918.00	2.69
1646260.00	2.81
1646395.00	2.68
1646629.00	2.57
1646853.00	2.63
1646981.00	2.70
1647274.00	2.80
1647350.00	2.72
1647698.00	2.72
1647712.00	2.75
1648082.00	2.71
1648179.00	2.56
1648443.00	2.59
1648656.00	2.61
1648814.00	2.57
1649079.00	2.72
1649138.00	2.92
1649506.00	2.72
1649527.00	2.65
1649847.00	2.77
1650010.00	2.68
1650217.00	2.56
1650475.00	2.60
1650561.00	2.71
1650894.00	2.84
1650931.00	2.73
1651284.00	2.80
1651308.00	2.82
1651652.00	2.75
1651791.00	2.56
1651977.00	2.76
1652275.00	2.76
1652347.00	2.55
1652692.00	2.73
1652696.00	2.82
1653066.00	2.74
1653135.00	2.66
1653347.00	3.11
1653619.00	3.01
1653715.00	2.56
1654073.00	2.61
1654099.00	2.62
1654444.00	2.56
1654508.00	2.75
1654809.00	2.78
1654907.00	2.81
1655179.00	2.79
1655397.00	2.54
1655508.00	2.72
1655857.00	2.79
1655880.00	2.61
1656185.00	2.91
1656262.00	3.07
1656554.00	2.77
1656683.00	2.73
1656876.00	2.94
1657178.00	2.74
1657247.00	2.53
1657573.00	2.72
1657654.00	2.77
1657942.00	2.58
1658048.00	2.81
1658308.00	2.83
1658415.00	2.93
1658679.00	2.91
1658917.00	2.51
1659008.00	2.69
1659378.00	2.52
1659454.00	2.45
1659696.00	2.69
1659836.00	3.09
1660066.00	2.85
1660136.00	3.23
1660425.00	3.28
1660645.00	2.55
1660793.00	2.50
1661118.00	2.70
1661130.00	2.75
1661487.00	2.56
1661535.00	2.77
1661813.00	2.96
1661973.00	2.87
1662182.00	2.67
1662483.00	2.50
1662556.00	2.49
1662894.00	2.74
1662926.00	2.75
1663244.00	2.99
1663294.00	3.02
1663615.00	2.78
1663685.00	2.82
1664024.00	2.68
1664189.00	2.37
1664397.00	2.50
1664650.00	2.60
1664727.00	2.79
1665060.00	2.93
1665098.00	2.75
1665442.00	2.86
1665445.00	2.95
1665816.00	2.82
1665941.00	2.51
1666161.00	2.64
1666413.00	2.69
1666533.00	2.57
1666834.00	2.70
1666883.00	2.80
1667246.00	2.83
1667258.00	2.73
1667625.00	2.76
1667737.00	2.55
1667999.00	2.52
1668183.00	2.63
1668347.00	2.74
1668607.00	2.80
1668722.00	2.70
1669038.00	2.67
1669065.00	2.80
1669438.00	2.68
1669526.00	2.54
1669794.00	2.60
1669965.00	2.72
1670168.00	2.65
1670388.00	2.70
1670535.00	2.73
1670817.00	2.71
1670908.00	2.69
1671275.00	2.71
1671301.00	2.56
1671647.00	2.54
1671789.00	2.54
1671975.00	2.73
1672214.00	2.89
1672349.00	2.70
1672618.00	2.76
1672692.00	2.89
1673068.00	2.75
1673102.00	2.54
1673418.00	2.64
1673625.00	2.55
1673790.00	2.46
1674056.00	2.68
1674146.00	2.75
1674489.00	2.74
1674520.00	2.67
1674847.00	2.88
1674974.00	2.75
1675221.00	2.54
1675433.00	2.60
1675574.00	2.69
1675855.00	2.79
1675947.00	2.70
1676230.00	3.16
1676281.00	3.15
1676602.00	2.70
1676766.00	2.55
1676963.00	2.59
1677244.00	2.61
1677337.00	2.55
1677668.00	2.69
1677706.00	2.72
1678079.00	2.70
1678119.00	2.63
1678411.00	2.81
1678605.00	2.72
1678784.00	2.54
1679074.00	2.58
1679091.00	2.89
1679464.00	2.58
1679496.00	2.71
1679790.00	2.92
1679914.00	2.93
1680162.00	2.72
1680404.00	2.53
1680489.00	2.73
1680861.00	2.54
1680895.00	2.54
1681228.00	2.55
1681318.00	2.72
1681601.00	2.71
1681768.00	2.63
1681932.00	2.80
1682260.00	2.70
1682302.00	2.54
1682622.00	2.76
1682748.00	2.77
1682993.00	2.54
1683165.00	2.73
1683352.00	2.78
1683573.00	2.81
1683723.00	2.76
1684048.00	2.96
1684071.00	2.72
1684416.00	2.53
1684540.00	2.60
1684741.00	2.80
1684952.00	2.95
1685110.00	2.75
1685382.00	2.69
1685482.00	2.69
1685851.00	2.69
1685887.00	2.51
1686168.00	2.75
1686371.00	2.80
1686536.00	2.57
1686773.00	2.79
1686942.00	2.65
1687145.00	2.76
1687312.00	2.89
1687638.00	3.08
1687655.00	2.69
1688006.00	2.51
1688200.00	2.44
1688345.00	2.56
1688588.00	2.96
1688713.00	2.83
1688893.00	3.21
1689052.00	3.34
1689405.00	2.63
1689419.00	2.51
1689764.00	2.60
1689897.00	2.65
1690132.00	2.54
1690304.00	2.77
1690492.00	2.81
1690745.00	2.71
1690859.00	2.67
1691201.00	2.78
1691258.00	2.61
1691568.00	2.50
1691673.00	2.75
1691905.00	2.88
1692073.00	2.93
1692272.00	2.80
1692466.00	2.82
1692621.00	2.90
1692970.00	2.60
1692989.00	2.52
1693349.00	2.55
1693433.00	2.64
1693715.00	2.62
1693846.00	2.76
1694075.00	2.79
1694232.00	2.87
1694442.00	2.85
1694729.00	2.54
1694764.00	2.74
1695131.00	2.54
1695204.00	2.59
1695471.00	2.70
1695628.00	2.84
1695841.00	2.72
1696042.00	2.75
1696186.00	2.85
1696536.00	2.64
1696554.00	2.54
1696906.00	2.61
1696985.00	2.71
1697275.00	2.65
1697411.00	2.71
1697599.00	2.91
1697845.00	2.89
1697969.00	2.68
1698318.00	2.77
1698336.00	2.63
1698690.00	2.53
1698777.00	2.66
1698970.00	3.14
1699202.00	3.18
1699340.00	2.70
1699634.00	2.69
1699699.00	2.73
1700071.00	2.68
1700119.00	2.54
1700437.00	2.57
1700608.00	2.56
1700807.00	2.54
1701035.00	2.70
1701140.00	2.87
1701439.00	2.94
1701511.00	2.77
1701820.00	3.06
1701923.00	2.85
1702190.00	2.55
1702447.00	2.47
1702514.00	2.68
1702876.00	2.90
1702886.00	2.68
1703213.00	2.88
1703310.00	2.87
1703584.00	2.68
1703792.00	2.55
1703953.00	2.57
1704249.00	2.63
1704325.00	2.61
1704656.00	2.79
1704670.00	2.89
1705026.00	2.72
1705094.00	2.71
1705347.00	2.94
1705575.00	2.78
1705718.00	2.55
1706050.00	2.57
1706077.00	2.62
1706449.00	2.57
1706472.00	2.72
1706775.00	2.92
1706919.00	2.85
1707145.00	2.65
1707402.00	2.56
1707471.00	2.75
1707842.00	2.56
1707865.00	2.61
1708217.00	2.59
1708284.00	2.71
1708587.00	2.73
1708697.00	2.74
1708906.00	2.98
1709179.00	2.79
1709277.00	2.55
1709662.00	2.55
1709686.00	2.42
1710059.00	2.55
1710080.00	2.72
1710388.00	2.91
1710523.00	2.83
1710759.00	2.65
1711006.00	2.55
1711101.00	2.68
1711474.00	2.55
1711486.00	2.56
1711816.00	2.68
1711895.00	2.87
1712187.00	2.75
1712295.00	2.79
1712535.00	2.88
1712782.00	2.64
1712907.00	2.54
1713243.00	2.60
1713272.00	2.63
1713644.00	2.61
1713646.00	2.77
1713988.00	2.88
1714066.00	2.83
1714360.00	2.72
1714560.00	2.53
1714700.00	2.66
1715033.00	2.70
1715069.00	2.58
1715423.00	2.64
1715426.00	2.88
1715790.00	2.98
1715792.00	2.92
1716156.00	2.95
1716287.00	2.55
1716525.00	2.52
1716820.00	2.45
1716888.00	2.48
1717198.00	2.89
1717257.00	2.87
1717495.00	3.26
1717581.00	3.46
1717950.00	3.26
1717997.00	2.52
1718291.00	2.64
1718475.00	2.69
1718661.00	2.57
1718873.00	2.79
1719007.00	2.90
1719303.00	2.80
1719376.00	2.69
1719730.00	2.76
1719804.00	2.58
1720099.00	2.52
1720208.00	2.78
1720423.00	2.98
1720598.00	3.03
1720792.00	2.83
1720982.00	2.85
1721142.00	2.92
1721474.00	2.62
1721514.00	2.53
1721795.00	2.99
1721925.00	3.09
1722164.00	2.64
1722327.00	2.78
1722524.00	2.82
1722702.00	2.92
1722897.00	2.87
1723188.00	2.54
1723263.00	2.56
1723635.00	2.54
1723648.00	2.60
1723966.00	2.78
1724060.00	2.92
1724339.00	2.74
1724463.00	2.77
1724646.00	3.08
1724943.00	2.86
1725019.00	2.56
1725344.00	2.77
1725381.00	2.87
1725716.00	2.66
1725794.00	2.74
1726044.00	2.93
1726216.00	2.90
1726417.00	2.70
1726695.00	2.55
1726785.00	2.57
1727122.00	2.71
1727158.00	2.69
1727491.00	2.87
1727538.00	2.90
1727862.00	2.73
1727957.00	2.72
1728184.00	2.95
1728431.00	2.80
1728556.00	2.57
1728907.00	2.56
1728918.00	2.60
1729290.00	2.56
1729323.00	2.73
1729617.00	2.93
1729717.00	3.00
1729991.00	2.79
1730188.00	2.58
1730318.00	2.78
1730690.00	2.58
1730700.00	2.48
1731066.00	2.47
1731120.00	2.70
1731439.00	2.71
1731542.00	2.70
1731760.00	2.94
1732013.00	2.81
1732133.00	2.58
1732460.00	2.63
1732544.00	2.50
1732872.00	2.60
1732919.00	2.73
1733250.00	2.92
1733285.00	2.91
1733623.00	2.73
1733757.00	2.57
1733967.00	2.70
1734222.00	2.71
1734341.00	2.58
1734634.00	2.73
1734686.00	2.86
1735058.00	2.74
1735071.00	2.66
1735408.00	2.76
1735543.00	2.66
1735783.00	2.56
1735997.00	2.61
1736149.00	2.64
1736407.00	2.77
1736522.00	2.74
1736812.00	2.75
1736870.00	2.86
1737242.00	2.75
1737286.00	2.57
1737586.00	2.69
1737761.00	2.69
1737956.00	2.57
1738172.00	2.74
1738310.00	2.81
1738609.00	2.74
1738682.00	2.66
1739047.00	2.69
1739086.00	2.59
1739419.00	2.57
1739560.00	2.57
1739784.00	2.60
1739965.00	2.79
1740155.00	2.76
1740362.00	2.79
1740481.00	2.99
1740846.00	2.75
1740853.00	2.54
1741197.00	2.66
1741302.00	2.73
1741570.00	2.61
1741703.00	2.77
1741919.00	2.88
1742120.00	2.83
1742291.00	2.72
1742612.00	2.52
1742649.00	2.59
1743022.00	2.52
1743082.00	2.57
1743348.00	2.78
1743472.00	3.02
1743723.00	2.80
1743834.00	2.91
1744076.00	3.00
1744328.00	2.60
1744451.00	2.51
1744735.00	2.97
1744857.00	2.90
1745107.00	2.45
1745234.00	2.86
1745470.00	2.90
1745529.00	3.29
1745845.00	3.24
1746029.00	2.50
1746216.00	2.52
1746505.00	2.57
1746589.00	2.56
1746900.00	2.79
1746922.00	2.96
1747298.00	2.78
1747328.00	2.68
1747606.00	2.98
1747827.00	2.81
1747979.00	2.51
1748230.00	2.76
1748306.00	2.97
1748621.00	3.01
1748679.00	2.81
1749004.00	2.84
1749010.00	3.02
1749383.00	2.84
1749496.00	2.52
1749753.00	2.54
1749950.00	2.63
1750127.00	2.61
1750355.00	2.75
1750460.00	2.93
1750734.00	3.02
1750834.00	2.85
1751156.00	3.08
1751223.00	2.76
1751529.00	2.53
1751690.00	2.58
1751893.00	2.62
1752106.00	2.76
1752268.00	2.72
1752515.00	2.74
1752597.00	2.93
1752971.00	2.74
1753001.00	2.54
1753299.00	2.73
1753444.00	2.84
1753674.00	2.64
1753863.00	2.71
1754052.00	2.69
1754292.00	2.66
1754428.00	2.67
1754748.00	2.92
1754777.00	2.77
1755124.00	2.53
1755210.00	2.66
1755538.00	2.53
1755631.00	2.57
1755916.00	2.69
1756055.00	2.68
1756249.00	2.87
1756535.00	2.73
1756626.00	2.54
1756973.00	2.67
1757017.00	2.66
1757351.00	2.53
1757439.00	2.69
1757700.00	2.81
1757838.00	2.88
1758075.00	2.77
1758316.00	2.55
1758430.00	2.64
1758808.00	2.54
1758835.00	2.45
1759178.00	2.48
1759260.00	2.71
1759556.00	2.68
1759689.00	2.66
1759907.00	2.77
1760167.00	2.65
1760284.00	2.54
1760621.00	2.60
1760630.00	2.72
1761006.00	2.60
1761040.00	2.71
1761364.00	2.78
1761461.00	2.77
1761740.00	2.70
1761942.00	2.54
1762108.00	2.57
1762416.00	2.59
1762484.00	2.55
1762838.00	2.70
1762852.00	2.73
1763226.00	2.70
1763286.00	2.62
1763554.00	2.83
1763770.00	2.75
1763928.00	2.54
1764235.00	2.58
1764274.00	2.70
1764649.00	2.58
1764655.00	2.70
1765000.00	2.80
1765070.00	2.82
1765373.00	2.72
1765556.00	2.53
1765730.00	2.60
1766041.00	2.61
1766105.00	2.54
1766432.00	2.74
1766462.00	2.91
1766806.00	2.70
1766908.00	2.64
1767159.00	2.72
1767395.00	2.62
1767534.00	2.53
1767817.00	2.99
1767877.00	3.00
1768190.00	2.55
1768290.00	2.74
1768554.00	2.77
1768692.00	2.80
1768928.00	2.76
1769184.00	2.52
1769296.00	2.54
1769649.00	2.61
1769670.00	2.59
1770003.00	2.76
1770055.00	2.92
1770378.00	2.74
1770478.00	2.69
1770687.00	3.00
1770976.00	2.82
1771059.00	2.52
1771386.00	2.72
1771454.00	2.76
1771759.00	2.56
1771849.00	2.79
1772086.00	2.99
1772216.00	3.10
1772460.00	2.89
1772718.00	2.50
1772828.00	2.52
1773202.00	2.50
1773255.00	2.43
1773533.00	2.61
1773638.00	3.01
1773905.00	2.85
1773937.00	3.23
1774224.00	3.46
1774442.00	2.74
1774595.00	2.51
1774925.00	2.56
1774956.00	2.59
1775326.00	2.79
1775651.00	2.99
1775759.00	2.88
1776022.00	2.68
1776263.00	2.51
1776347.00	2.71
1776670.00	2.96
1776715.00	2.77
1777064.00	2.81
1777089.00	2.80
1777449.00	2.83
1777459.00	2.83
1777776.00	3.08
1777944.00	2.77
1778145.00	2.53
1778399.00	2.63
1778552.00	2.49
1778802.00	2.64
1778924.00	2.77
1779180.00	2.86
1779250.00	3.06
1779621.00	2.86
1779667.00	2.54
1779962.00	2.67
1780130.00	2.73
1780332.00	2.60
1780544.00	2.74
1780674.00	2.86
1780949.00	2.89
1781044.00	2.77
1781390.00	2.87
1781432.00	2.65
1781761.00	2.56
1781872.00	2.67
1782124.00	2.70
1782287.00	2.77
1782494.00	2.74
1782712.00	2.71
1782838.00	2.82
1783191.00	2.68
1783208.00	2.57
1783548.00	2.70
1783621.00	2.82
1783916.00	2.70
1784037.00	2.74
1784268.00	2.81
1784458.00	2.80
1784637.00	2.73
1784934.00	2.58
1784999.00	2.61
1785367.00	2.58
1785412.00	2.57
1785729.00	2.61
1785829.00	2.77
1786096.00	2.74
1786225.00	2.80
1786419.00	3.01
1786698.00	2.79
1786786.00	2.59
1787127.00	2.70
1787212.00	2.61
1787496.00	2.50
1787633.00	2.73
1787839.00	2.84
1788058.00	2.82
1788207.00	2.72
1788531.00	2.59
1788558.00	2.66
1788927.00	2.59
1788981.00	2.65
1789248.00	2.86
1789395.00	2.96
1789616.00	2.75
1789811.00	2.75
1789963.00	2.83
1790286.00	2.67
1790332.00	2.58
1790612.00	3.05
1790754.00	3.06
1790976.00	2.61
1791169.00	2.76
1791333.00	2.79
1791609.00	2.72
1791702.00	2.67
1792063.00	2.70
1792084.00	2.61
1792432.00	2.58
1792541.00	2.63
1792758.00	2.82
1792953.00	2.95
1793125.00	2.75
1793360.00	2.77
1793428.00	3.08
1793795.00	2.77
1793837.00	2.58
1794114.00	2.80
1794314.00	2.80
1794482.00	2.58
1794726.00	2.75
1794805.00	2.96
1795163.00	2.88
1795171.00	2.69
1795533.00	2.70
1795642.00	2.60
1795902.00	2.57
1796116.00	2.58
1796228.00	2.77
1796523.00	2.96
1796593.00	2.79
1796911.00	3.01
1796917.00	3.04
1797276.00	2.82
1797402.00	2.57
1797634.00	2.60
1797857.00	2.67
1798001.00	2.64
1798257.00	2.80
1798323.00	3.00
1798674.00	2.95
1798690.00	2.75
1799011.00	2.95
1799164.00	2.76
1799378.00	2.55
1799635.00	2.60
1799749.00	2.59
1800023.00	2.83
1800117.00	2.83
1800383.00	2.94
1800432.00	3.19
1800799.00	2.95
1800877.00	2.55
1801204.00	2.41
1801404.00	2.34
1801573.00	2.46
1801778.00	2.88
1801898.00	3.08
1802072.00	3.47
1802267.00	3.27
1802568.00	2.53
1802606.00	2.66
1802975.00	2.53
1803041.00	2.58
1803314.00	2.71
1803434.00	2.95
1803682.00	2.82
1803860.00	2.71
1804029.00	2.80
1804355.00	2.63
1804398.00	2.53
1804754.00	2.79
1804759.00	2.83
1805130.00	2.79
1805141.00	2.83
1805474.00	2.94
1805520.00	2.97
1805843.00	2.87
1806008.00	2.55
1806184.00	2.67
1806453.00	2.78
1806551.00	2.66
1806853.00	2.80
1806904.00	2.86
1807225.00	2.96
1807274.00	2.89
1807639.00	2.91
1807705.00	2.59
1808009.00	2.56
1808163.00	2.62
1808373.00	2.64
1808571.00	2.79
1808744.00	2.76
1808971.00	2.79
1809070.00	2.99
1809441.00	2.78
1809449.00	2.56
1809784.00	2.68
1809882.00	2.80
1810157.00	2.67
1810292.00	2.74
1810506.00	2.84
1810713.00	2.81
1810879.00	2.71
1811187.00	2.57
1811235.00	2.63
1811610.00	2.56
1811613.00	2.69
1811938.00	2.89
1812024.00	2.94
1812314.00	2.73
1812441.00	2.71
1812668.00	2.80
1812912.00	2.65
1813044.00	2.56
1813330.00	3.01
1813385.00	3.00
1813706.00	2.56
1813799.00	2.72
1814071.00	2.76
1814190.00	2.83
1814449.00	2.79
1814659.00	2.56
1814823.00	2.58
1815167.00	2.48
1815200.00	2.47
1815538.00	2.64
1815585.00	2.87
1815916.00	2.70
1816005.00	2.69
1816229.00	2.99
1816474.00	2.86
1816607.00	2.55
1816920.00	2.62
1816938.00	2.82
1817317.00	2.62
1817332.00	2.71
1817650.00	2.91
1817743.00	2.91
1818027.00	2.72
1818214.00	2.56
1818401.00	2.57
1818678.00	2.59
1818780.00	2.57
1819092.00	2.71
1819116.00	2.89
1819493.00	2.72
1819529.00	2.65
1819819.00	2.87
1820002.00	2.77
1820196.00	2.55
1820458.00	2.60
1820561.00	2.64
1820869.00	2.76
1820939.00	2.72
1821268.00	2.93
1821276.00	2.94
1821644.00	2.74
1821752.00	2.55
1821974.00	2.76
1822230.00	2.75
1822350.00	2.54
1822644.00	2.72
1822728.00	2.71
1823082.00	2.64
1823105.00	2.65
1823425.00	2.90
1823561.00	2.79
1823799.00	2.55
1824039.00	2.55
1824213.00	2.42
1824446.00	2.61
1824590.00	2.73
1824843.00	2.77
1824920.00	2.97
1825295.00	2.78
1825331.00	2.53
1825641.00	2.65
1825790.00	2.72
1826016.00	2.59
1826193.00	2.76
1826361.00	2.88
1826614.00	2.82
1826734.00	2.71
1827085.00	2.80
1827107.00	2.61
1827460.00	2.51
1827583.00	2.55
1827827.00	2.59
1827976.00	2.83
1828201.00	2.80
1828341.00	2.90
1828548.00	3.01
1828840.00	2.62
1828921.00	2.51
1829265.00	2.63
1829374.00	2.56
1829637.00	2.45
1829755.00	2.85
1829992.00	2.91
1830054.00	3.30
1830365.00	3.23
1830556.00	2.51
1830730.00	2.53
1831038.00	2.58
1831101.00	2.55
1831438.00	2.78
1831466.00	2.81
1831837.00	2.78
1831872.00	2.68
1832163.00	2.88
1832377.00	2.70
1832534.00	2.50
1832785.00	2.75
1832878.00	2.87
1833180.00	2.92
1833250.00	2.80
1833567.00	2.82
1833598.00	2.92
1833970.00	2.83
1834065.00	2.52
1834324.00	2.58
1834522.00	2.68
1834696.00	2.62
1834928.00	2.76
1835021.00	2.97
1835308.00	3.06
1835393.00	2.85
1835744.00	2.93
1835799.00	2.62
1836116.00	2.54
1836266.00	2.59
1836399.00	3.04
1836682.00	3.18
1836770.00	2.74
1837090.00	2.76
1837131.00	2.79
1837503.00	2.75
1837575.00	2.54
1837872.00	2.56
1838017.00	2.67
1838244.00	2.65
1838436.00	2.72
1838577.00	2.89
1838863.00	2.87
1838949.00	2.69
1839257.00	3.00
1839346.00	2.85
1839630.00	2.55
1839778.00	2.68
1839955.00	2.89
1840198.00	2.93
1840327.00	2.72
1840621.00	2.71
1840656.00	2.89
1841028.00	2.71
1841099.00	2.57
1841395.00	2.58
1841579.00	2.57
1841768.00	2.55
1841999.00	2.71
1842099.00	2.89
1842397.00	2.96
1842470.00	2.79
1842791.00	3.01
1842872.00	2.80
1843163.00	2.57
1843387.00	2.48
1843524.00	2.53
1843810.00	2.76
1843894.00	2.71
1844219.00	2.92
1844237.00	2.90
1844590.00	2.70
1844711.00	2.58
1844916.00	2.78
1845161.00	2.84
1845285.00	2.64
1845575.00	2.74
1845659.00	2.73
1845991.00	2.72
1846029.00	2.73
1846346.00	2.98
1846465.00	2.82
1846715.00	2.58
1846933.00	2.60
1847123.00	2.46
1847345.00	2.61
1847493.00	2.75
1847785.00	2.66
1847820.00	2.85
1848191.00	2.66
1848259.00	2.58
1848531.00	2.71
1848713.00	2.76
1848901.00	2.62
1849125.00	2.75
1849240.00	2.88
1849530.00	2.90
1849609.00	2.77
1849954.00	2.87
1850004.00	2.68
1850324.00	2.58
1850478.00	2.58
1850685.00	2.61
1850888.00	2.79
1851054.00	2.76
1851323.00	2.68
1851398.00	2.79
1851765.00	2.69
1851799.00	2.58
1852102.00	2.71
1852273.00	2.72
1852468.00	2.60
1852677.00	2.79
1852818.00	2.86
1853071.00	2.89
1853184.00	2.82
1853544.00	2.84
1853554.00	2.60
1853911.00	2.57
1854008.00	2.64
1854271.00	2.67
1854409.00	2.83
1854636.00	2.80
1854824.00	2.75
1854959.00	2.95
1855315.00	2.76
1855324.00	2.56
1855662.00	2.68
1855786.00	2.73
1856027.00	2.61
1856175.00	2.85
1856370.00	2.94
1856535.00	3.05
1856736.00	2.95
1857031.00	2.54
1857085.00	2.62
1857451.00	2.54
1857561.00	2.48
1857772.00	2.69
1857938.00	3.09
1858138.00	2.89
1858234.00	3.28
1858483.00	3.36
1858733.00	2.62
1858849.00	2.54
1859126.00	3.01
1859209.00	3.07
1859490.00	2.60
1859606.00	2.83
1859844.00	2.87
1860034.00	2.77
1860210.00	2.71
1860532.00	2.54
1860570.00	2.56
1860935.00	2.80
1861260.00	2.98
1861324.00	3.03
1861626.00	2.84
1861705.00	2.86
1861927.00	3.19
1862195.00	2.88
1862291.00	2.56
1862608.00	2.78
1862645.00	2.87
1862973.00	2.66
1863046.00	2.80
1863295.00	3.00
1863421.00	3.10
1863659.00	2.90
1863906.00	2.58
1864018.00	2.59
1864367.00	2.65
1864384.00	2.63
1864709.00	2.81
1864779.00	2.95
1865072.00	2.77
1865184.00	2.80
1865386.00	3.03
1865665.00	2.82
1865751.00	2.59
1866104.00	2.74
1866468.00	2.70
1866519.00	2.77
1866788.00	2.96
1866944.00	2.93
1867152.00	2.73
1867424.00	2.58
1867472.00	2.79
1867837.00	2.58
1867855.00	2.71
1868205.00	2.69
1868273.00	2.74
1868570.00	2.75
1868694.00	2.74
1868884.00	2.98
1869171.00	2.83
1869250.00	2.59
1869653.00	2.45
1870020.00	2.57
1870072.00	2.73
1870345.00	2.93
1870469.00	3.00
1870713.00	2.80
1870945.00	2.58
1871050.00	2.72
1871419.00	2.58
1871461.00	2.49
1871758.00	2.62
1871885.00	2.84
1872125.00	2.73
1872311.00	2.72
1872471.00	2.81
1872787.00	2.67
1872840.00	2.58
1873201.00	2.61
1873240.00	2.67
1873569.00	2.64
1873659.00	2.74
1873912.00	2.84
1874077.00	2.84
1874280.00	2.73
1874555.00	2.58
1874619.00	2.70
1874985.00	2.58
1875028.00	2.60
1875336.00	2.66
1875449.00	2.80
1875704.00	2.73
1875895.00	2.66
1876065.00	2.68
1876377.00	2.59
1876432.00	2.57
1876792.00	2.60
1876842.00	2.64
1877159.00	2.61
1877263.00	2.74
1877480.00	2.94
1877677.00	2.96
1877847.00	2.75
1878163.00	2.56
1878187.00	2.68
1878554.00	2.57
1878649.00	2.56
1878898.00	2.66
1879071.00	2.83
1879264.00	2.74
1879516.00	2.66
1879616.00	2.72
1879983.00	2.66
1880003.00	2.56
1880305.00	2.76
1880488.00	2.77
1880673.00	2.56
1880902.00	2.75
1881020.00	2.84
1881305.00	2.87
1881389.00	2.78
1881669.00	3.25
1881798.00	3.00
1882035.00	2.54
1882263.00	2.61
1882393.00	2.65
1882672.00	2.81
1882761.00	2.77
1883096.00	2.72
1883125.00	2.73
1883493.00	2.72
1883595.00	2.53
1883823.00	2.70
1884074.00	2.74
1884193.00	2.57
1884471.00	2.80
1884498.00	3.10
1884839.00	3.21
1884867.00	2.91
1885189.00	3.12
1885342.00	2.73
1885558.00	2.52
1885881.00	2.45
1885883.00	2.65
1886252.00	2.45
1886264.00	2.85
1886565.00	3.24
1886618.00	3.24
1886987.00	3.24
1887072.00	2.51
1887317.00	2.68
1887558.00	2.73
1887685.00	2.55
1887961.00	2.78
1888003.00	3.01
1888372.00	2.78
1888398.00	2.68
1888730.00	2.72
1888906.00	2.55
1889099.00	2.51
1889316.00	2.76
1889422.00	2.96
1889714.00	3.01
1889791.00	2.80
1890103.00	2.84
1890116.00	3.03
1890483.00	2.84
1890603.00	2.53
1890856.00	2.51
1891062.00	2.61
1891226.00	2.61
1891472.00	2.76
1891543.00	3.00
1891854.00	3.09
1891913.00	2.85
1892319.00	2.72
1892348.00	2.40
1892693.00	2.52
1892819.00	2.58
1893020.00	2.77
1893238.00	2.91
1893392.00	2.72
1893649.00	2.75
1893734.00	2.87
1894105.00	2.74
1894140.00	2.53
1894449.00	2.65
1894587.00	2.76
1894820.00	2.64
1895009.00	2.71
1895168.00	2.80
1895441.00	2.78
1895542.00	2.68
1895906.00	2.71
1895930.00	2.57
1896279.00	2.53
1896366.00	2.66
1896625.00	2.78
1896791.00	2.81
1896998.00	2.70
1897219.00	2.69
1897340.00	2.82
1897705.00	2.66
1897710.00	2.55
1898066.00	2.61
1898192.00	2.61
1898437.00	2.54
1898619.00	2.70
1898802.00	2.73
1899023.00	2.79
1899172.00	2.77
1899508.00	2.55
1899537.00	2.57
1899908.00	2.55
1900032.00	2.47
1900235.00	2.66
1900463.00	2.89
1900604.00	2.70
1900896.00	2.69
1900948.00	2.79
1901320.00	2.67
1901380.00	2.55
1901667.00	2.66
1901838.00	2.71
1902038.00	2.61
1902261.00	2.71
1902393.00	2.77
1902685.00	2.77
1902764.00	2.71
1903089.00	2.92
1903168.00	2.76
1903460.00	2.55
1903646.00	2.56
1903810.00	2.65
1904068.00	2.80
1904181.00	2.71
1904464.00	3.17
1904517.00	3.09
1904832.00	2.65
1905001.00	2.56
1905192.00	2.60
1905466.00	2.64
1905563.00	2.60
1905886.00	2.72
1905928.00	2.75
1906299.00	2.73
1906300.00	2.74
1906627.00	2.92
1906785.00	2.74
1906999.00	2.55
1907270.00	2.55
1907304.00	2.86
1907674.00	2.55
1907691.00	2.72
1907997.00	2.93
1908135.00	2.86
1908366.00	2.65
1908622.00	2.55
1908692.00	2.74
1909060.00	2.56
1909104.00	2.57
1909425.00	2.58
1909517.00	2.77
1909794.00	2.74
1909920.00	2.78
1910123.00	2.96
1910413.00	2.71
1910491.00	2.55
1910808.00	2.78
1910876.00	2.85
1911175.00	2.62
1911284.00	2.77
1911534.00	2.81
1911708.00	2.76
1911901.00	2.72
1912206.00	2.53
1912224.00	2.74
1912591.00	2.53
1912685.00	2.58
1912914.00	2.78
1913081.00	3.02
1913280.00	2.82
1913448.00	2.92
1913651.00	2.90
1913950.00	2.51
1914019.00	2.53
1914334.00	2.77
1914486.00	2.70
1914700.00	2.46
1914868.00	2.86
1915104.00	2.72
1915166.00	3.12
1915474.00	3.25
1915669.00	2.52
1915798.00	2.72
1916151.00	2.76
1916167.00	2.57
1916504.00	2.70
1916549.00	2.93
1916872.00	2.80
1916981.00	2.70
1917210.00	2.83
1917483.00	2.66
1917575.00	2.53
1917887.00	2.79
1917920.00	2.88
1918278.00	2.92
1918287.00	2.83
1918647.00	2.85
1918660.00	2.89
1919014.00	2.86
1919152.00	2.55
1919356.00	2.66
1919603.00	2.76
1919721.00	2.65
1920003.00	2.80
1920059.00	2.93
1920377.00	3.02
1920423.00	2.90
1920772.00	2.97
1920861.00	2.65
1921138.00	2.58
1921320.00	2.63
1921497.00	2.65
1921730.00	2.79
1921863.00	2.77
1922131.00	2.80
1922223.00	2.82
1922589.00	2.80
1922610.00	2.58
1922910.00	2.79
1923046.00	2.90
1923275.00	2.70
1923457.00	2.77
1923614.00	2.88
1923877.00	2.85
1923982.00	2.73
1924325.00	2.84
1924352.00	2.69
1924692.00	2.59
1924778.00	2.72
1925043.00	2.79
1925191.00	2.82
1925412.00	2.75
1925607.00	2.74
1925733.00	2.96
1926077.00	2.81
1926102.00	2.59
1926449.00	2.68
1926550.00	2.68
1926818.00	2.58
1926964.00	2.74
1927098.00	3.21
1927354.00	3.29
1927465.00	2.84
1927822.00	2.65
1928190.00	2.60
1928329.00	2.51
1928554.00	2.53
1928745.00	2.76
1928924.00	2.74
1929164.00	2.73
1929252.00	2.92
1929622.00	2.73
1929631.00	2.60
1929927.00	2.90
1930074.00	2.96
1930295.00	2.67
1930482.00	2.77
1930616.00	2.98
1930892.00	2.97
1930985.00	2.76
1931310.00	2.95
1931358.00	2.80
1931677.00	2.61
1931819.00	2.62
1932043.00	2.62
1932228.00	2.78
1932411.00	2.76
1932659.00	2.69
1932739.00	2.88
1933106.00	2.71
1933126.00	2.61
1933424.00	2.84
1933574.00	2.88
1933790.00	2.65
1933980.00	2.78
1934146.00	2.82
1934380.00	2.84
1934513.00	2.80
1934834.00	3.01
1934848.00	2.81
1935201.00	2.60
1935317.00	2.60
1935523.00	2.81
1935722.00	2.98
1935888.00	2.79
1936152.00	2.71
1936258.00	2.70
1936623.00	2.60
1936936.00	2.85
1937091.00	2.86
1937301.00	2.61
1937491.00	2.81
1937702.00	2.67
1937881.00	2.71
1938068.00	2.84
1938359.00	2.58
1938392.00	2.77
1938757.00	2.59
1938810.00	2.65
1939092.00	2.79
1939206.00	2.96
1939457.00	2.82
1939620.00	2.76
1939793.00	2.90
1940105.00	2.70
1940155.00	2.58
1940497.00	2.67
1940573.00	2.72
1940861.00	2.62
1940961.00	2.86
1941217.00	2.88
1941320.00	2.99
1941581.00	2.96
1941812.00	2.56
1941918.00	2.68
1942282.00	2.56
1942338.00	2.49
1942615.00	2.62
1942714.00	3.03
1942976.00	2.91
1943008.00	3.31
1943321.00	3.38
1943505.00	2.63
1943683.00	2.56
1943981.00	2.61
1944038.00	2.64
1944376.00	2.87
1944399.00	2.84
1944755.00	2.87
1944804.00	2.76
1945115.00	2.74
1945303.00	2.56
1945432.00	2.76
1945707.00	3.02
1945793.00	2.82
1946097.00	2.86
1946126.00	2.98
1946480.00	3.00
1946488.00	2.87
1946826.00	2.98
1946972.00	2.67
1947187.00	2.58
1947425.00	2.67
1947532.00	2.74
1947829.00	2.88
1947894.00	2.81
1948206.00	2.90
1948210.00	3.12
1948572.00	2.90
1948692.00	2.58
1948914.00	2.67
1949155.00	2.72
1949276.00	2.64
1949550.00	3.11
1949569.00	3.25
1949911.00	2.78
1949974.00	2.81
1950263.00	2.85
1950457.00	2.63
1950626.00	2.58
1950897.00	2.69
1950983.00	2.72
1951312.00	2.79
1951345.00	2.77
1951668.00	2.95
1951737.00	2.92
1952033.00	2.73
1952217.00	2.59
1952332.00	2.91
1952648.00	3.04
1952695.00	2.72
1953012.00	2.94
1953064.00	2.98
1953375.00	2.76
1953486.00	2.75
1953694.00	2.95
1953963.00	2.80
1954057.00	2.60
1954418.00	2.61
1954444.00	2.60
1954782.00	2.59
1954861.00	2.75
1955104.00	2.94
1955258.00	3.01
1955468.00	2.82
1955733.00	2.60
1955780.00	2.84
1956144.00	2.60
1956249.00	2.51
1956495.00	2.57
1956672.00	2.79
1956857.00	2.75
1957099.00	2.73
1957176.00	2.94
1957538.00	2.73
1957574.00	2.61
1957857.00	2.81
1958026.00	2.87
1958218.00	2.67
1958443.00	2.77
1958583.00	2.76
1958862.00	2.75
1958946.00	2.76
1959256.00	3.01
1959339.00	2.85
1959617.00	2.60
1959811.00	2.62
1960016.00	2.48
1960230.00	2.63
1960379.00	2.76
1960672.00	2.68
1960698.00	2.88
1961059.00	2.69
1961152.00	2.60
1961392.00	2.72
1961615.00	2.76
1961754.00	2.64
1962032.00	2.76
1962087.00	2.90
1962445.00	2.91
1962447.00	2.78
1962784.00	2.89
1962928.00	2.70
1963145.00	2.59
1963413.00	2.59
1963499.00	2.61
1963832.00	2.79
1963858.00	2.77
1964194.00	2.88
1964276.00	2.80
1964553.00	2.70
1964763.00	2.59
1964883.00	2.73
1965241.00	2.60
1965249.00	2.60
1965584.00	2.67
1965662.00	2.86
1965941.00	2.80
1966065.00	2.83
1966293.00	2.85
1966561.00	2.60
1966652.00	2.57
1967003.00	2.60
1967027.00	2.67
1967360.00	2.65
1967437.00	2.81
1967675.00	3.01
1967864.00	2.95
1968032.00	2.75
1968363.00	2.88
1968368.00	2.69
1968721.00	2.55
1968852.00	2.60
1969056.00	2.71
1969252.00	2.94
1969413.00	2.84
1969624.00	2.94
1969755.00	3.01
1970113.00	2.94
1970133.00	2.55
1970426.00	2.76
1970679.00	2.69
1970785.00	2.48
1971066.00	2.88
1971121.00	2.98
1971370.00	3.36
1971478.00	3.27
1971749.00	3.75
1971885.00	3.03
1972104.00	2.55
1972376.00	2.60
1972451.00	2.64
1972781.00	2.87
1972808.00	2.82
1973160.00	2.84
1973224.00	2.73
1973517.00	2.71
1973739.00	2.54
1973834.00	2.73
1974154.00	2.98
1974191.00	2.79
1974484.00	3.12
1974554.00	3.17
1974839.00	2.85
1974949.00	2.87
1975152.00	3.08
1975455.00	2.77
1975507.00	2.56
1975820.00	2.77
1975920.00	2.86
1976176.00	2.66
1976333.00	2.80
1976528.00	2.82
1976721.00	2.91
1976884.00	2.89
1977201.00	3.07
1977219.00	2.76
1977558.00	2.58
1977694.00	2.63
1977864.00	2.88
1978117.00	3.02
1978220.00	2.77
1978532.00	2.79
1978565.00	2.84
1978921.00	2.79
1979027.00	2.59
1979234.00	2.79
1979477.00	2.90
1979589.00	2.70
1979902.00	2.97
1980256.00	2.77
1980337.00	2.75
1980616.00	2.73
1980828.00	2.58
1980972.00	2.59
1981269.00	2.72
1981278.00	2.97
1981634.00	2.72
1981695.00	2.76
1982027.00	2.62
1982125.00	2.61
1982386.00	2.74
1982613.00	2.60
1982701.00	2.79
1983059.00	2.60
1983102.00	2.59
1983388.00	2.73
1983530.00	2.88
1983746.00	2.75
1983936.00	2.81
1984077.00	2.94
1984421.00	2.73
1984433.00	2.61
1984770.00	2.70
1984946.00	2.61
1985128.00	2.51
1985377.00	2.73
1985480.00	2.76
1985812.00	2.76
1985838.00	2.73
1986172.00	2.84
1986295.00	2.71
1986531.00	2.60
1986754.00	2.66
1986861.00	2.79
1987175.00	2.89
1987217.00	2.78
1987559.00	2.84
1987600.00	2.83
1987917.00	2.75
1988083.00	2.60
1988268.00	2.64
1988558.00	2.65
1988626.00	2.63
1988977.00	2.65
1988978.00	2.80
1989335.00	2.77
1989426.00	2.69
1989648.00	2.91
1989907.00	2.82
1990005.00	2.62
1990336.00	2.72
1990370.00	2.77
1990694.00	2.66
1990787.00	2.78
1991029.00	2.88
1991199.00	2.90
1991386.00	2.80
1991679.00	2.62
1991728.00	2.68
1992085.00	2.62
1992160.00	2.61
1992398.00	2.82
1992576.00	3.00
1992755.00	2.79
1993017.00	2.72
1993094.00	2.80
1993450.00	2.72
1993498.00	2.61
1993721.00	3.09
1993976.00	3.10
1994077.00	2.62
1994384.00	2.82
1994424.00	2.86
1994781.00	2.85
1995134.00	2.87
1995267.00	2.62
1995490.00	2.60
1995724.00	2.68
1995809.00	2.86
1996127.00	3.01
1996166.00	2.83
1996461.00	3.15
1996543.00	3.11
1996816.00	2.79
1997034.00	2.60
1997129.00	2.81
1997484.00	2.59
1997506.00	2.64
1997798.00	2.84
1997895.00	3.08
1998155.00	2.88
1998256.00	2.99
1998507.00	3.01
1998751.00	2.61
1998863.00	2.59
1999180.00	2.77
1999278.00	2.71
1999537.00	2.52
1999654.00	2.92
1999843.00	3.17
1999948.00	3.57
