1004635.00	0.00
1005786.00	0.01
1007957.00	0.89
1009227.00	1.74
1010201.00	2.17
1011384.00	2.68
1011978.00	3.02
1013301.00	3.19
1013539.00	3.43
1015010.00	3.54
1015108.00	3.63
1016293.00	3.93
1017260.00	3.67
1017476.00	3.86
1018568.00	4.07
1019083.00	4.31
1019613.00	4.44
1020615.00	4.55
1020645.00	4.82
1021555.00	5.02
1022074.00	5.20
1022464.00	5.30
1023293.00	5.61
1023841.00	5.22
1024177.00	5.00
1025163.00	4.65
1025451.00	4.82
1025989.00	5.40
1026744.00	5.73
1026865.00	5.98
1027549.00	5.74
1028233.00	5.81
1028388.00	5.67
1029147.00	6.03
1029809.00	5.74
1029882.00	5.88
1030646.00	5.73
1031224.00	5.94
1031346.00	6.28
1032103.00	5.97
1032607.00	6.02
1032906.00	5.80
1033693.00	5.87
1034041.00	5.80
1034420.00	6.11
1035204.00	5.81
1035624.00	5.62
1035955.00	5.79
1036757.00	5.53
1037004.00	5.80
1037588.00	5.68
1038338.00	5.75
1038370.00	5.98
1039128.00	6.10
1039652.00	6.13
1039921.00	5.95
1040668.00	6.19
1041076.00	6.02
1041437.00	5.90
1042150.00	6.20
1042448.00	6.28
1042936.00	5.90
1043631.00	6.24
1043658.00	6.57
1044431.00	6.30
1044747.00	6.45
1045237.00	6.30
1046034.00	6.33
1046060.00	5.93
1046868.00	5.77
1047470.00	5.62
1047656.00	5.83
1048316.00	6.55
1048625.00	7.01
1049131.00	6.17
1049777.00	6.17
1049923.00	6.28
1050726.00	6.22
1051010.00	6.06
1051480.00	6.30
1052135.00	6.52
1052293.00	6.25
1053097.00	6.28
1053158.00	6.54
1053902.00	6.53
1054167.00	6.58
1054708.00	6.57
1055284.00	6.29
1055532.00	6.22
1056324.00	6.36
1056365.00	6.45
1057135.00	6.36
1057324.00	6.71
1057904.00	6.91
1058343.00	6.73
1058744.00	6.39
1059422.00	6.23
1059599.00	6.17
1060440.00	6.24
1060442.00	6.39
1061323.00	6.22
1061368.00	6.52
1062175.00	6.63
1062283.00	6.67
1063033.00	6.65
1063336.00	6.23
1063870.00	6.32
1064373.00	6.37
1064710.00	6.34
1065281.00	6.75
1065572.00	6.66
1066249.00	6.46
1066416.00	6.53
1067273.00	6.48
1067305.00	6.23
1068179.00	6.04
1068361.00	6.04
1069053.00	6.16
1069300.00	6.51
1069924.00	6.52
1070230.00	6.54
1070792.00	6.56
1071366.00	5.99
1071675.00	5.93
1072434.00	6.10
1072576.00	6.02
1073398.00	6.32
1073459.00	6.39
1074358.00	6.34
1074413.00	6.18
1075209.00	6.36
1075599.00	5.94
1076144.00	5.63
1076733.00	5.75
1077215.00	5.35
1077694.00	5.81
1078140.00	6.25
1078600.00	6.44
1079002.00	6.67
1079846.00	5.78
1079944.00	5.49
1080945.00	5.31
1081179.00	5.15
1081870.00	5.40
1082164.00	6.18
1082779.00	6.23
1082947.00	7.00
1083732.00	6.85
1084247.00	5.36
1084604.00	5.64
1085480.00	5.77
1085546.00	5.52
1086519.00	5.96
1086534.00	5.82
1087491.00	5.91
1087639.00	5.71
1088369.00	5.99
1088923.00	5.65
1089305.00	5.44
1089953.00	6.01
1090203.00	6.14
1090970.00	6.18
1091160.00	5.98
1091976.00	6.01
1092145.00	5.92
1093073.00	6.10
1093251.00	5.49
1093976.00	5.57
1094401.00	5.82
1094912.00	5.71
1095432.00	6.01
1095790.00	6.21
1096395.00	6.41
1096688.00	6.34
1097510.00	6.64
1097614.00	6.01
1098403.00	5.72
1098741.00	5.91
1099211.00	6.26
1099741.00	6.60
1100072.00	6.37
1100714.00	6.45
1100952.00	6.38
1101819.00	6.43
1101843.00	6.00
1102714.00	5.90
1102852.00	6.21
1103557.00	6.41
1103816.00	6.55
1104259.00	7.25
1104800.00	7.19
1105120.00	6.41
1105882.00	6.14
1105947.00	6.29
1106778.00	6.27
1106829.00	6.66
1107552.00	6.92
1107748.00	7.01
1108380.00	6.77
1108663.00	6.78
1109189.00	6.85
1109673.00	6.55
1109989.00	6.60
1110664.00	6.65
1110788.00	6.66
1111530.00	7.10
1111594.00	7.06
1112347.00	7.26
1112363.00	7.44
1113139.00	7.40
1113310.00	6.85
1113868.00	7.10
1114343.00	6.89
1114658.00	6.58
1115188.00	7.21
1115456.00	7.18
1116037.00	7.16
1116230.00	7.28
1116960.00	7.00
1117037.00	6.85
1117807.00	7.02
1117818.00	7.27
1118579.00	7.25
1118608.00	7.54
1119322.00	7.69
1119392.00	7.73
1120058.00	7.76
1120266.00	7.37
1120805.00	7.32
1121114.00	7.42
1121526.00	7.56
1121867.00	8.00
1122253.00	7.97
1122665.00	7.75
1123009.00	7.59
1123510.00	7.39
1123729.00	7.58
1124311.00	7.78
1124446.00	7.79
1125033.00	8.18
1125146.00	8.28
1125747.00	8.34
1125849.00	8.32
1126554.00	8.31
1126563.00	7.79
1127236.00	7.93
1127370.00	7.97
1127920.00	7.96
1128066.00	8.53
1128558.00	8.84
1128803.00	8.62
1129253.00	8.24
1129594.00	7.96
1130042.00	7.46
1130369.00	7.54
1130712.00	8.19
1131036.00	8.80
1131334.00	9.15
1131684.00	9.27
1132007.00	8.92
1132465.00	8.15
1132718.00	7.91
1133190.00	8.20
1133367.00	8.61
1133829.00	9.15
1133996.00	9.28
1134490.00	9.13
1134648.00	8.98
1135249.00	9.36
1135257.00	8.74
1135885.00	8.47
1135981.00	8.70
1136549.00	8.52
1136586.00	9.32
1137145.00	9.71
1137191.00	9.86
1137774.00	10.32
1137902.00	8.94
1138399.00	8.61
1138700.00	8.41
1138991.00	8.67
1139275.00	10.11
1139625.00	9.77
1139725.00	11.20
1140280.00	11.03
1140474.00	8.42
1140891.00	8.76
1141181.00	9.00
1141486.00	9.13
1141770.00	9.96
1142107.00	9.74
1142406.00	9.37
1142692.00	9.67
1143137.00	9.07
1143290.00	8.95
1143721.00	9.97
1143839.00	10.42
1144291.00	10.55
1144444.00	10.04
1144852.00	10.12
1144996.00	10.59
1145561.00	9.49
1145585.00	9.15
1146192.00	9.01
1146209.00	9.41
1146787.00	9.96
1146790.00	10.03
1147329.00	10.35
1147412.00	10.17
1147993.00	10.50
1148021.00	9.33
1148474.00	10.38
1148672.00	10.65
1149068.00	9.49
1149256.00	10.00
1149643.00	10.17
1149828.00	10.28
1150221.00	10.24
1150501.00	9.47
1150763.00	9.82
1151108.00	10.30
1151344.00	9.91
1151687.00	10.15
1151922.00	10.19
1152276.00	10.10
1152488.00	10.20
1152937.00	9.66
1153056.00	9.63
1153522.00	10.22
1153630.00	10.18
1154093.00	10.29
1154185.00	10.47
1154668.00	10.44
1154744.00	10.39
1155264.00	10.79
1155311.00	10.24
1155832.00	9.77
1155952.00	9.78
1156408.00	9.71
1156516.00	10.34
1156967.00	10.51
1157048.00	10.80
1157550.00	10.58
1157681.00	9.71
1158115.00	9.88
1158362.00	9.55
1158681.00	9.53
1158922.00	10.45
1159232.00	10.61
1159489.00	10.55
1159778.00	10.59
1160114.00	10.11
1160338.00	9.98
1160702.00	10.26
1160881.00	10.43
1161247.00	10.85
1161427.00	10.81
1161794.00	10.77
1162001.00	10.51
1162409.00	9.93
1162548.00	10.17
1163014.00	10.25
1163097.00	10.24
1163553.00	10.84
1163634.00	10.94
1164126.00	10.62
1164173.00	10.61
1164720.00	10.54
1164735.00	10.23
1165252.00	10.36
1165322.00	10.55
1165786.00	10.54
1165853.00	11.06
1166281.00	11.51
1166378.00	11.58
1166827.00	11.01
1166987.00	10.22
1167448.00	9.59
1167593.00	9.61
1167980.00	10.41
1168119.00	11.15
1168473.00	11.56
1168678.00	11.23
1169013.00	10.72
1169283.00	10.32
1169586.00	10.02
1169880.00	10.08
1170112.00	10.53
1170395.00	11.33
1170621.00	11.52
1170897.00	11.65
1171156.00	11.37
1171505.00	10.34
1171651.00	10.80
1172075.00	11.13
1172174.00	10.79
1172581.00	11.45
1172723.00	11.20
1173104.00	10.99
1173254.00	11.17
1173716.00	10.36
1173741.00	10.86
1174263.00	10.45
1174298.00	10.70
1174759.00	11.00
1174786.00	11.97
1175239.00	12.44
1175291.00	12.04
1175844.00	11.83
1175852.00	10.13
1176365.00	10.47
1176501.00	10.20
1176870.00	10.38
1176971.00	12.12
1177339.00	13.83
1177399.00	13.55
1177899.00	13.87
1177952.00	10.70
1178413.00	10.53
1178533.00	10.80
1178885.00	11.31
1179022.00	12.28
1179407.00	11.68
1179550.00	11.22
1179885.00	11.75
1180155.00	11.03
1180396.00	10.62
1180645.00	11.79
1180922.00	11.62
1181121.00	11.79
1181443.00	11.84
1181588.00	11.96
1181987.00	11.73
1182185.00	10.36
1182495.00	10.73
1182731.00	11.20
1182918.00	12.38
1183221.00	12.99
1183440.00	11.65
1183679.00	12.07
1183948.00	12.24
1184268.00	10.82
1184459.00	10.77
1184824.00	11.05
1184940.00	11.41
1185322.00	12.05
1185461.00	11.59
1185814.00	11.65
1185977.00	11.68
1186393.00	10.78
1186491.00	10.83
1186916.00	11.37
1187002.00	11.38
1187416.00	11.64
1187520.00	11.59
1187928.00	11.45
1188019.00	11.65
1188501.00	11.05
1188525.00	10.98
1189000.00	11.35
1189011.00	11.98
1189509.00	12.13
1189516.00	11.63
1190013.00	11.56
1190040.00	11.48
1190550.00	11.63
1190578.00	11.00
1191083.00	10.76
1191142.00	10.75
1191599.00	10.92
1191638.00	11.65
1192108.00	11.97
1192121.00	11.90
1192628.00	12.09
1192666.00	11.11
1193134.00	11.12
1193270.00	10.71
1193649.00	10.60
1193765.00	11.67
1194152.00	11.81
1194266.00	11.73
1194658.00	11.69
1194820.00	11.13
1195190.00	10.85
1195343.00	11.17
1195700.00	11.41
1195826.00	11.87
1196212.00	11.86
1196313.00	11.82
1196714.00	11.94
1196862.00	11.24
1197216.00	11.23
1197402.00	11.32
1197726.00	11.23
1197884.00	11.90
1198223.00	12.05
1198394.00	11.70
1198723.00	11.67
1198942.00	11.27
1199189.00	11.70
1199467.00	11.93
1199701.00	11.36
1199945.00	11.91
1200283.00	11.22
1200415.00	11.34
1200782.00	12.18
1200962.00	11.29
1201246.00	11.75
1201506.00	11.78
1201752.00	11.23
1201980.00	12.03
1202290.00	11.69
1202481.00	11.35
1202784.00	11.84
1203027.00	11.36
1203266.00	11.50
1203563.00	11.61
1203768.00	11.36
1204028.00	12.21
1204232.00	12.70
1204479.00	12.88
1204726.00	12.49
1205026.00	11.34
1205244.00	11.07
1205539.00	11.44
1205743.00	11.64
1205994.00	12.38
1206203.00	12.88
1206465.00	12.67
1206692.00	12.30
1207014.00	11.40
1207158.00	11.68
1207539.00	11.94
1207657.00	11.51
1207977.00	12.61
1208179.00	12.37
1208382.00	12.90
1208669.00	13.28
1208933.00	11.38
1209144.00	11.56
1209516.00	11.24
1209644.00	10.93
1209935.00	12.92
1210116.00	13.28
1210266.00	15.18
1210601.00	14.99
1210815.00	11.42
1211047.00	11.97
1211337.00	12.25
1211540.00	11.62
1211775.00	12.71
1211991.00	13.27
1212249.00	12.74
1212475.00	12.31
1212794.00	11.51
1212971.00	11.35
1213233.00	12.65
1213464.00	12.68
1213662.00	12.84
1213976.00	12.63
1214082.00	12.76
1214455.00	13.13
1214617.00	11.64
1214851.00	12.94
1215109.00	13.44
1215340.00	12.02
1215548.00	12.73
1215814.00	12.92
1215959.00	13.38
1216291.00	13.34
1216488.00	11.75
1216740.00	12.15
1216988.00	12.46
1217224.00	11.98
1217437.00	12.64
1217705.00	12.68
1217878.00	12.80
1218178.00	12.91
1218401.00	11.87
1218652.00	11.87
1218876.00	12.43
1219132.00	12.32
1219327.00	12.67
1219595.00	12.91
1219788.00	12.75
1220062.00	12.70
1220309.00	11.97
1220500.00	12.40
1220771.00	13.11
1220976.00	12.56
1221225.00	12.69
1221459.00	12.59
1221682.00	12.53
1221931.00	12.70
1222197.00	11.98
1222419.00	11.77
1222712.00	11.75
1222894.00	11.92
1223167.00	12.67
1223375.00	12.60
1223596.00	12.97
1223839.00	13.20
1224107.00	12.12
1224301.00	12.15
1224660.00	11.70
1224775.00	11.55
1225116.00	12.69
1225236.00	12.83
1225577.00	12.78
1225700.00	12.75
1226086.00	12.13
1226188.00	11.82
1226569.00	12.13
1226658.00	12.38
1227016.00	12.87
1227127.00	12.88
1227466.00	12.85
1227585.00	12.98
1227977.00	12.17
1228046.00	12.14
1228478.00	12.27
1228515.00	12.16
1228926.00	12.85
1228973.00	13.02
1229403.00	12.63
1229431.00	12.60
1229859.00	13.07
1229914.00	12.65
1230330.00	12.03
1230406.00	12.26
1230853.00	12.84
1230864.00	12.09
1231296.00	12.16
1231324.00	13.07
1231750.00	13.58
1231810.00	12.66
1232216.00	12.06
1232325.00	12.05
1232712.00	11.66
1232773.00	12.51
1233169.00	13.02
1233248.00	12.66
1233610.00	12.89
1233766.00	12.38
1234073.00	12.06
1234277.00	12.12
1234501.00	12.65
1234719.00	13.56
1234953.00	13.19
1235149.00	13.35
1235426.00	13.06
1235672.00	11.87
1235887.00	12.04
1236162.00	12.43
1236305.00	13.07
1236596.00	13.83
1236756.00	13.32
1237049.00	13.03
1237185.00	13.37
1237576.00	12.45
1237644.00	12.02
1238080.00	12.27
1238123.00	12.01
1238502.00	13.16
1238574.00	13.53
1238894.00	14.04
1239011.00	14.25
1239424.00	12.30
1239472.00	11.96
1239906.00	12.33
1239988.00	11.99
1240352.00	11.83
1240395.00	13.84
1240715.00	15.84
1240762.00	16.43
1241219.00	15.69
1241247.00	11.98
1241634.00	12.61
1241754.00	12.89
1242079.00	12.43
1242178.00	13.56
1242538.00	13.38
1242638.00	12.85
1242992.00	12.89
1243167.00	12.03
1243466.00	11.78
1243595.00	13.12
1243908.00	13.58
1244010.00	13.76
1244273.00	15.13
1244420.00	15.25
1244725.00	13.73
1244942.00	12.17
1245162.00	12.38
1245419.00	12.91
1245604.00	12.85
1245850.00	13.51
1246018.00	13.95
1246250.00	14.48
1246467.00	13.92
1246766.00	12.27
1246913.00	12.31
1247255.00	12.63
1247355.00	12.69
1247695.00	13.36
1247795.00	13.39
1248126.00	13.54
1248242.00	13.45
1248636.00	12.38
1248674.00	12.58
1249100.00	13.15
1249111.00	13.09
1249519.00	13.57
1249541.00	13.90
1249966.00	13.28
1249992.00	13.13
1250418.00	13.05
1250499.00	12.33
1250857.00	12.52
1250952.00	13.21
1251312.00	12.97
1251393.00	13.17
1251754.00	13.34
1251838.00	13.27
1252203.00	13.18
1252340.00	12.44
1252637.00	12.66
1252841.00	12.66
1253067.00	12.74
1253283.00	13.54
1253508.00	13.37
1253700.00	13.74
1253937.00	13.91
1254196.00	12.80
1254369.00	12.76
1254733.00	12.30
1254824.00	11.96
1255175.00	13.14
1255265.00	13.34
1255622.00	13.28
1255702.00	13.34
1256115.00	12.70
1256130.00	12.84
1256561.00	12.80
1256583.00	13.13
1256999.00	13.02
1257017.00	13.53
1257425.00	13.72
1257451.00	13.68
1257852.00	13.67
1257943.00	12.90
1258253.00	13.34
1258429.00	13.40
1258695.00	12.72
1258862.00	13.48
1259196.00	12.70
1259321.00	12.30
1259626.00	13.27
1259815.00	12.82
1260027.00	13.32
1260287.00	13.58
1260464.00	12.98
1260719.00	13.56
1260930.00	13.14
1261142.00	13.28
1261360.00	13.81
1261634.00	12.84
1261777.00	13.07
1262127.00	13.05
1262213.00	12.73
1262556.00	13.64
1262619.00	14.15
1263009.00	13.79
1263048.00	13.40
1263496.00	13.09
1263502.00	12.55
1263932.00	12.73
1263990.00	12.80
1264333.00	13.41
1264409.00	14.38
1264761.00	13.88
1264817.00	14.10
1265171.00	14.44
1265313.00	13.14
1265608.00	12.68
1265780.00	13.05
1266065.00	12.77
1266192.00	13.62
1266497.00	13.97
1266620.00	13.67
1266916.00	13.91
1267120.00	12.95
1267357.00	12.60
1267598.00	12.86
1267774.00	13.24
1267996.00	14.48
1268202.00	14.27
1268366.00	14.83
1268598.00	15.40
1268868.00	13.32
1269035.00	12.62
1269397.00	12.30
1269437.00	12.88
1269783.00	14.98
1269866.00	14.52
1270083.00	16.72
1270308.00	16.51
1270583.00	12.55
1270746.00	12.61
1271060.00	12.90
1271204.00	12.62
1271459.00	13.83
1271629.00	14.31
1271889.00	13.78
1271983.00	15.17
1272386.00	14.26
1272420.00	12.69
1272786.00	14.12
1272845.00	14.29
1273175.00	14.50
1273272.00	14.49
1273555.00	14.66
1273673.00	15.10
1274041.00	13.42
1274110.00	12.81
1274485.00	13.37
1274543.00	13.45
1274882.00	14.26
1274972.00	14.30
1275253.00	14.80
1275400.00	14.82
1275728.00	13.08
1275836.00	12.97
1276180.00	13.30
1276256.00	13.54
1276584.00	14.28
1276681.00	14.20
1276980.00	14.39
1277079.00	14.88
1277449.00	13.71
1277512.00	13.10
1277874.00	13.73
1277954.00	13.59
1278278.00	13.94
1278382.00	14.15
1278691.00	14.03
1278828.00	13.77
1279155.00	12.97
1279259.00	13.17
1279570.00	13.91
1279696.00	13.84
1279973.00	14.03
1280121.00	14.24
1280380.00	14.18
1280541.00	14.23
1280839.00	13.43
1280972.00	13.28
1281297.00	13.27
1281393.00	13.41
1281701.00	14.30
1281817.00	14.27
1282082.00	14.71
1282260.00	14.38
1282535.00	13.12
1282690.00	13.34
1283027.00	12.84
1283120.00	12.85
1283431.00	14.16
1283538.00	14.34
1283838.00	14.30
1283961.00	14.23
1284291.00	13.50
1284389.00	13.41
1284719.00	13.80
1284807.00	13.94
1285116.00	14.45
1285225.00	14.45
1285512.00	14.48
1285617.00	14.95
1285964.00	14.03
1286048.00	13.37
1286409.00	13.47
1286539.00	12.63
1286805.00	13.45
1286956.00	14.48
1287225.00	14.06
1287346.00	14.56
1287675.00	14.10
1287771.00	13.49
1288107.00	13.78
1288224.00	13.32
1288500.00	14.00
1288640.00	14.59
1288887.00	14.69
1289044.00	14.90
1289336.00	13.85
1289466.00	13.56
1289786.00	13.54
1289858.00	14.04
1290178.00	15.01
1290272.00	14.63
1290593.00	14.21
1290705.00	13.90
1291045.00	13.32
1291126.00	13.53
1291491.00	13.63
1291511.00	14.27
1291876.00	15.30
1291926.00	14.76
1292250.00	14.99
1292319.00	15.37
1292708.00	13.94
1292742.00	13.42
1293138.00	13.81
1293185.00	13.50
1293518.00	14.41
1293600.00	14.85
1293913.00	14.57
1294003.00	14.78
1294377.00	13.66
1294427.00	13.29
1294821.00	13.58
1294827.00	14.01
1295190.00	15.36
1295239.00	15.13
1295535.00	15.71
1295619.00	16.33
1296001.00	14.09
1296041.00	13.30
1296429.00	13.91
1296497.00	13.53
1296843.00	13.05
1296857.00	15.30
1297137.00	17.67
1297268.00	17.49
1297607.00	13.21
1297694.00	13.21
1298057.00	13.47
1298134.00	13.22
1298432.00	14.53
1298548.00	14.97
1298837.00	14.39
1298890.00	15.88
1299308.00	14.86
1299314.00	13.22
1299689.00	14.71
1299726.00	14.90
1300058.00	15.13
1300142.00	15.06
1300421.00	15.19
1300532.00	15.65
1300886.00	13.87
1300955.00	13.31
1301311.00	13.93
1301374.00	13.98
1301692.00	14.74
1301793.00	14.74
1302049.00	15.30
1302209.00	15.35
1302506.00	13.52
1302633.00	13.39
1302943.00	13.70
1303043.00	13.94
1303333.00	14.72
1303458.00	14.63
1303717.00	14.79
1303847.00	15.28
1304172.00	14.08
1304270.00	13.45
1304584.00	14.11
1304700.00	14.01
1304978.00	14.36
1305116.00	14.57
1305381.00	14.39
1305549.00	14.09
1305833.00	13.30
1305970.00	13.51
1306238.00	14.25
1306397.00	14.15
1306633.00	14.37
1306810.00	14.62
1307031.00	14.55
1307219.00	14.58
1307479.00	13.76
1307637.00	13.64
1307931.00	13.59
1308044.00	13.77
1308326.00	14.67
1308455.00	14.62
1308700.00	15.06
1308886.00	14.71
1309146.00	13.45
1309304.00	13.66
1309629.00	13.14
1309720.00	13.18
1310026.00	14.52
1310125.00	14.73
1310427.00	14.65
1310533.00	14.58
1310872.00	13.84
1310946.00	13.75
1311294.00	14.13
1311350.00	14.29
1311685.00	14.84
1311751.00	14.90
1312076.00	14.88
1312128.00	15.34
1312520.00	14.43
1312541.00	13.75
1312958.00	13.86
1313013.00	12.98
1313348.00	13.81
1313415.00	14.90
1313761.00	14.48
1313789.00	15.01
1314196.00	14.39
1314205.00	13.90
1314630.00	14.18
1314632.00	13.70
1315016.00	14.40
1315031.00	15.01
1315398.00	15.09
1315416.00	15.36
1315822.00	14.96
1315841.00	13.92
1316196.00	14.54
1316282.00	14.54
1316594.00	14.08
1316669.00	15.05
1317009.00	14.74
1317078.00	14.30
1317410.00	14.55
1317522.00	14.01
1317781.00	14.59
1317961.00	14.66
1318173.00	14.24
1318340.00	15.31
1318547.00	15.67
1318707.00	15.88
1318949.00	15.33
1319158.00	13.87
1319368.00	13.59
1319581.00	14.01
1319761.00	14.46
1319953.00	15.41
1320141.00	15.67
1320342.00	15.32
1320538.00	14.99
1320798.00	13.89
1320918.00	14.22
1321234.00	14.51
1321307.00	14.33
1321598.00	15.66
1321665.00	16.34
1321936.00	16.96
1322060.00	16.17
1322396.00	13.87
1322425.00	14.49
1322813.00	14.01
1322885.00	13.61
1323213.00	13.40
1323238.00	15.70
1323514.00	18.05
1323608.00	18.11
1323977.00	13.81
1324021.00	13.51
1324407.00	14.01
1324418.00	14.29
1324726.00	15.90
1324787.00	17.21
1325123.00	15.40
1325185.00	14.82
1325510.00	15.01
1325647.00	14.00
1325899.00	13.96
1326020.00	15.47
1326264.00	15.97
1326384.00	16.18
1326660.00	15.55
1326739.00	15.76
1327054.00	15.81
1327192.00	13.98
1327442.00	14.06
1327608.00	14.65
1327831.00	14.67
1327982.00	15.49
1328229.00	15.28
1328330.00	15.84
1328613.00	16.13
1328776.00	14.27
1329003.00	14.16
1329201.00	14.50
1329367.00	15.04
1329582.00	15.80
1329765.00	15.11
1329956.00	15.28
1330169.00	15.17
1330399.00	13.94
1330561.00	14.16
1330802.00	14.82
1330971.00	14.49
1331186.00	14.85
1331369.00	15.09
1331579.00	14.91
1331774.00	14.78
1332020.00	13.97
1332164.00	14.21
1332415.00	15.01
1332554.00	15.03
1332800.00	15.20
1332953.00	15.05
1333188.00	15.01
1333342.00	15.18
1333626.00	14.30
1333734.00	14.22
1334065.00	14.20
1334147.00	13.86
1334451.00	14.78
1334543.00	15.05
1334818.00	15.44
1334942.00	15.41
1335252.00	14.17
1335331.00	14.36
1335724.00	14.28
1335726.00	13.72
1336113.00	15.09
1336121.00	15.01
1336506.00	14.93
1336510.00	15.08
1336900.00	15.07
1336939.00	14.34
1337263.00	14.90
1337352.00	15.24
1337664.00	14.48
1337734.00	15.08
1338116.00	15.05
1338121.00	14.15
1338511.00	15.26
1338550.00	14.35
1338873.00	14.94
1338979.00	15.02
1339270.00	14.32
1339359.00	15.17
1339694.00	14.68
1339762.00	14.25
1340083.00	14.90
1340197.00	14.38
1340459.00	14.64
1340611.00	14.97
1340854.00	14.57
1340988.00	15.25
1341222.00	15.80
1341359.00	15.94
1341608.00	15.57
1341791.00	14.46
1342013.00	14.12
1342222.00	14.11
1342407.00	14.29
1342597.00	15.33
1342770.00	15.99
1342994.00	15.57
1343156.00	15.07
1343425.00	14.46
1343522.00	14.90
1343851.00	15.00
1343916.00	14.39
1344217.00	15.48
1344329.00	15.16
1344573.00	15.40
1344715.00	15.92
1345006.00	14.45
1345090.00	14.66
1345415.00	15.06
1345482.00	14.71
1345775.00	15.69
1345856.00	16.08
1346148.00	15.79
1346238.00	15.59
1346587.00	14.41
1346591.00	15.07
1346980.00	14.30
1347004.00	14.62
1347340.00	15.25
1347352.00	16.69
1347676.00	17.29
1347723.00	16.76
1348113.00	14.41
1348117.00	14.23
1348508.00	14.27
1348580.00	13.85
1348915.00	16.05
1349177.00	18.44
1349295.00	18.97
1349610.00	20.55
1349616.00	16.06
1349999.00	14.28
1350035.00	14.62
1350378.00	14.80
1350385.00	16.17
1350760.00	16.13
1350763.00	15.52
1351118.00	16.04
1351199.00	14.97
1351508.00	14.29
1351551.00	15.94
1351894.00	16.16
1351895.00	16.22
1352229.00	16.40
1352277.00	16.50
1352656.00	14.62
1352659.00	14.62
1353047.00	14.52
1353048.00	15.12
1353398.00	16.05
1353423.00	16.29
1353724.00	16.92
1353804.00	16.77
1354144.00	14.71
1354158.00	15.32
1354543.00	15.72
1354545.00	15.01
1354901.00	15.81
1354941.00	15.66
1355252.00	15.85
1355325.00	16.06
1355666.00	14.78
1355725.00	14.48
1356046.00	15.13
1356112.00	15.38
1356405.00	15.81
1356506.00	15.68
1356771.00	15.52
1356889.00	15.76
1357186.00	14.82
1357267.00	14.89
1357555.00	15.75
1357655.00	15.57
1357917.00	15.75
1358035.00	15.91
1358280.00	15.86
1358417.00	15.84
1358691.00	14.90
1358818.00	14.53
1359104.00	14.49
1359207.00	14.70
1359467.00	15.68
1359596.00	15.68
1359810.00	16.18
1359977.00	16.34
1360219.00	14.93
1360361.00	14.87
1360664.00	14.29
1360748.00	14.23
1361030.00	15.68
1361131.00	15.78
1361400.00	15.67
1361511.00	15.69
1361811.00	14.91
1361867.00	15.46
1362201.00	15.81
1362261.00	15.03
1362564.00	15.63
1362710.00	14.70
1362926.00	14.70
1363092.00	15.85
1363341.00	14.81
1363448.00	15.37
1363749.00	15.47
1363839.00	14.73
1364113.00	15.62
1364257.00	15.15
1364500.00	14.67
1364639.00	15.30
1364916.00	14.77
1365010.00	15.04
1365315.00	15.34
1365400.00	14.93
1365679.00	15.64
1365763.00	16.20
1366038.00	16.34
1366146.00	15.90
1366455.00	14.73
1366546.00	14.43
1366874.00	14.39
1366935.00	14.60
1367240.00	15.62
1367293.00	16.30
1367625.00	15.90
1367674.00	15.36
1368037.00	15.76
1368046.00	15.13
1368428.00	14.55
1368461.00	14.61
1368820.00	15.74
1368838.00	15.39
1369168.00	15.65
1369221.00	16.15
1369593.00	14.86
1369983.00	14.50
1369993.00	14.92
1370345.00	15.92
1370354.00	16.31
1370713.00	15.96
1370737.00	15.74
1371086.00	16.46
1371143.00	15.30
1371474.00	14.46
1371553.00	14.77
1371832.00	15.43
1371896.00	16.84
1372214.00	17.00
1372605.00	16.84
1372646.00	14.35
1372992.00	14.41
1373107.00	14.01
1373398.00	13.67
1373436.00	16.25
1373696.00	18.60
1373777.00	19.08
1374089.00	20.77
1374128.00	16.26
1374477.00	14.43
1374543.00	14.71
1374853.00	14.93
1374890.00	16.35
1375231.00	16.32
1375262.00	15.71
1375585.00	16.19
1375696.00	15.10
1375971.00	14.45
1376046.00	16.06
1376355.00	16.06
1376385.00	16.34
1376717.00	16.49
1376733.00	16.66
1377111.00	16.66
1377142.00	14.74
1377497.00	14.56
1377532.00	15.18
1377868.00	15.49
1377880.00	16.40
1378206.00	17.00
1378244.00	16.90
1378595.00	17.48
1378625.00	15.43
1378978.00	14.68
1379023.00	15.07
1379367.00	14.97
1379381.00	15.82
1379730.00	16.01
1379745.00	16.25
1380139.00	15.93
1380146.00	14.59
1380521.00	14.79
1380524.00	15.50
1380883.00	15.89
1380908.00	15.81
1381249.00	15.66
1381282.00	15.92
1381653.00	16.01
1381664.00	15.06
1382033.00	14.87
1382034.00	15.73
1382396.00	15.93
1382404.00	16.08
1382759.00	16.05
1382775.00	16.07
1383168.00	15.63
1383170.00	14.68
1383548.00	14.95
1383582.00	14.92
1383927.00	14.94
1383944.00	15.93
1384286.00	16.40
1384296.00	16.57
1384669.00	16.53
1384694.00	15.14
1385046.00	15.01
1385138.00	14.43
1385416.00	14.59
1385502.00	16.05
1385785.00	16.09
1385870.00	16.03
1386128.00	16.59
1386277.00	15.78
1386506.00	15.01
1386664.00	15.40
1386941.00	14.38
1387022.00	15.00
1387312.00	16.17
1387381.00	16.14
1387656.00	16.79
1387790.00	15.81
1388033.00	15.03
1388194.00	15.12
1388435.00	14.62
1388552.00	15.51
1388806.00	16.16
1388932.00	15.73
1389163.00	16.02
1389340.00	15.45
1389539.00	15.03
1389733.00	15.35
1389889.00	15.93
1390089.00	16.69
1390259.00	16.23
1390440.00	16.35
1390645.00	16.02
1390848.00	14.85
1391022.00	15.03
1391258.00	15.00
1391368.00	15.72
1391615.00	16.81
1391735.00	16.28
1391991.00	15.84
1392086.00	16.22
1392402.00	15.56
1392464.00	14.96
1392809.00	15.05
1392859.00	14.73
1393159.00	15.89
1393229.00	16.38
1393499.00	16.65
1393589.00	16.89
1393916.00	15.28
1393966.00	14.89
1394306.00	15.36
1394324.00	15.76
1394652.00	16.69
1394693.00	16.47
1395011.00	16.19
1395034.00	16.84
1395412.00	16.00
1395433.00	14.79
1395761.00	15.46
1395836.00	15.77
1396131.00	15.25
1396172.00	16.70
1396484.00	17.35
1396512.00	17.16
1396891.00	17.18
1396909.00	14.70
1397284.00	14.41
1397362.00	13.98
1397655.00	14.46
1397687.00	17.02
1397942.00	19.56
1397960.00	21.22
1398338.00	19.39
1398369.00	14.69
1398709.00	14.86
1398777.00	15.16
1399079.00	15.14
1399119.00	16.58
1399427.00	17.10
1399487.00	16.49
1399805.00	15.82
1399914.00	14.67
1400181.00	14.71
1400258.00	16.39
1400554.00	16.46
1400593.00	16.69
1400922.00	16.85
1400926.00	16.89
1401305.00	16.74
1401341.00	14.84
1401672.00	15.05
1401725.00	15.65
1402045.00	15.57
1402069.00	16.50
1402390.00	17.06
1402392.00	17.63
1402771.00	16.94
1402803.00	14.92
1403157.00	14.74
1403195.00	15.14
1403530.00	15.43
1403546.00	16.31
1403890.00	16.46
1403919.00	16.13
1404297.00	16.35
1404299.00	15.01
1404669.00	15.73
1404681.00	15.61
1405022.00	16.01
1405052.00	16.30
1405381.00	16.19
1405420.00	16.21
1405786.00	15.24
1405798.00	15.05
1406148.00	15.93
1406166.00	16.16
1406501.00	16.37
1406536.00	16.30
1406855.00	16.28
1406925.00	15.89
1407256.00	14.92
1407301.00	15.18
1407658.00	15.16
1407678.00	15.14
1408009.00	16.20
1408046.00	16.39
1408343.00	16.85
1408415.00	16.85
1408740.00	15.42
1408791.00	15.27
1409158.00	15.47
1409169.00	14.93
1409522.00	16.39
1409523.00	16.39
1409866.00	16.93
1409877.00	16.86
1410242.00	16.11
1410272.00	15.31
1410648.00	15.69
1410672.00	14.70
1410994.00	15.36
1411039.00	16.56
1411342.00	16.53
1411380.00	17.15
1411737.00	16.10
1411751.00	15.38
1412126.00	15.51
1412150.00	14.95
1412472.00	15.92
1412515.00	16.61
1412838.00	16.09
1412869.00	16.37
1413232.00	15.82
1413239.00	15.44
1413584.00	16.04
1413611.00	16.35
1413947.00	15.91
1413953.00	16.70
1414291.00	16.85
1414328.00	16.49
1414683.00	15.24
1414696.00	15.48
1415035.00	16.18
1415078.00	16.16
1415397.00	15.61
1415419.00	16.77
1415741.00	17.20
1415781.00	16.72
1416112.00	16.10
1416174.00	15.43
1416499.00	15.12
1416564.00	15.18
1416861.00	15.69
1416899.00	16.95
1417213.00	17.21
1417224.00	17.45
1417581.00	17.07
1417623.00	15.40
1417933.00	15.77
1417997.00	16.24
1418294.00	16.06
1418327.00	17.13
1418625.00	17.82
1418670.00	17.46
1418994.00	16.59
1419072.00	15.35
1419335.00	16.01
1419458.00	16.29
1419698.00	15.74
1419779.00	17.29
1420070.00	17.09
1420077.00	17.80
1420441.00	17.84
1420483.00	15.21
1420827.00	14.88
1420916.00	14.45
1421188.00	14.98
1421226.00	17.66
1421469.00	20.28
1421488.00	21.94
1421858.00	20.10
1421879.00	15.18
1422218.00	15.38
1422269.00	15.73
1422583.00	15.64
1422595.00	17.13
1422923.00	17.72
1422947.00	17.06
1423294.00	16.28
1423355.00	15.12
1423663.00	15.20
1423686.00	16.93
1424006.00	17.21
1424029.00	17.23
1424322.00	17.35
1424394.00	17.39
1424725.00	15.38
1424767.00	15.23
1425095.00	15.88
1425127.00	16.14
1425424.00	17.13
1425492.00	17.04
1425734.00	17.59
1425833.00	18.16
1426132.00	16.08
1426205.00	15.31
1426511.00	15.69
1426585.00	15.56
1426851.00	16.41
1426953.00	16.62
1427184.00	16.83
1427337.00	16.53
1427579.00	15.15
1427708.00	15.39
1427941.00	16.10
1428088.00	15.91
1428282.00	16.36
1428454.00	16.68
1428632.00	16.48
1428818.00	16.51
1429028.00	15.53
1429191.00	15.31
1429382.00	16.22
1429556.00	16.43
1429726.00	16.65
1429922.00	16.63
1430074.00	16.56
1430306.00	16.14
1430466.00	15.14
1430680.00	15.37
1430862.00	15.33
1431055.00	15.31
1431208.00	16.37
1431420.00	16.58
1431537.00	17.02
1431786.00	17.00
1431929.00	15.58
1432158.00	15.45
1432353.00	14.86
1432523.00	15.02
1432703.00	16.48
1432887.00	16.51
1433055.00	16.46
1433227.00	17.03
1433447.00	16.20
1433602.00	15.41
1433819.00	15.79
1434029.00	14.80
1434164.00	15.44
1434396.00	16.59
1434509.00	16.56
1434734.00	17.25
1434903.00	16.21
1435105.00	15.45
1435291.00	15.55
1435503.00	14.99
1435637.00	15.91
1435866.00	16.63
1436003.00	16.16
1436219.00	16.39
1436397.00	15.84
1436588.00	15.50
1436776.00	15.80
1436929.00	16.40
1437119.00	17.17
1437293.00	16.65
1437458.00	16.78
1437671.00	16.48
1437853.00	15.27
1438038.00	15.50
1438248.00	15.48
1438377.00	16.14
1438593.00	17.25
1438738.00	16.72
1438957.00	16.27
1439079.00	16.75
1439353.00	16.07
1439448.00	15.44
1439747.00	15.48
1439832.00	15.15
1440084.00	16.41
1440193.00	16.90
1440413.00	17.14
1440542.00	17.44
1440813.00	15.83
1440908.00	15.39
1441191.00	15.82
1441257.00	16.25
1441523.00	17.33
1441615.00	17.08
1441870.00	16.72
1441946.00	17.44
1442275.00	16.22
1442309.00	15.40
1442646.00	16.06
1442663.00	16.34
1442988.00	17.86
1443003.00	17.34
1443288.00	18.07
1443373.00	17.78
1443695.00	15.20
1443738.00	15.33
1444119.00	14.99
1444131.00	14.52
1444443.00	17.19
1444472.00	17.76
1444687.00	20.39
1444767.00	22.09
1445097.00	17.22
1445132.00	15.29
1445488.00	15.81
1445816.00	17.25
1445846.00	17.21
1446169.00	16.57
1446183.00	17.11
1446547.00	16.46
1446578.00	15.31
1446909.00	15.34
1446911.00	17.01
1447231.00	17.31
1447267.00	17.40
1447546.00	17.58
1447626.00	17.58
1447948.00	15.55
1447990.00	15.42
1448318.00	16.07
1448344.00	16.28
1448647.00	17.22
1448702.00	17.17
1448956.00	17.81
1449035.00	18.41
1449352.00	16.26
1449401.00	15.47
1449730.00	15.84
1449773.00	15.73
1450070.00	16.60
1450136.00	16.78
1450402.00	17.01
1450512.00	16.73
1450794.00	15.33
1450877.00	15.59
1451155.00	16.27
1451248.00	16.10
1451494.00	16.58
1451608.00	16.84
1451842.00	16.67
1451966.00	16.74
1452234.00	15.74
1452333.00	15.54
1452587.00	16.39
1452691.00	16.55
1452929.00	16.82
1453051.00	16.79
1453274.00	16.74
1453430.00	16.33
1453664.00	15.30
1453797.00	15.58
1454056.00	15.56
1454164.00	15.56
1454401.00	16.61
1454523.00	16.74
1454727.00	17.24
1454883.00	17.24
1455115.00	15.77
1455249.00	15.64
1455536.00	15.04
1455609.00	15.18
1455883.00	16.69
1455967.00	16.74
1456232.00	16.67
1456302.00	17.23
1456620.00	16.38
1456672.00	15.57
1456990.00	15.94
1457093.00	14.96
1457331.00	15.63
1457453.00	16.82
1457673.00	16.79
1457788.00	17.43
1458062.00	16.39
1458154.00	15.64
1458446.00	15.74
1458545.00	15.18
1458787.00	16.15
1458906.00	16.82
1459149.00	16.32
1459254.00	16.58
1459537.00	16.03
1459619.00	15.68
1459912.00	15.97
1459958.00	16.59
1460251.00	17.40
1460317.00	16.89
1460583.00	17.05
1460691.00	16.72
1460972.00	15.45
1461056.00	15.64
1461361.00	15.64
1461392.00	16.34
1461699.00	17.48
1461750.00	16.94
1462056.00	16.50
1462091.00	16.91
1462446.00	16.21
1462457.00	15.64
1462830.00	15.72
1462839.00	15.34
1463161.00	16.61
1463198.00	17.15
1463482.00	17.40
1463545.00	17.64
1463875.00	15.98
1463910.00	15.60
1464245.00	16.05
1464256.00	16.47
1464570.00	17.57
1464614.00	17.31
1464908.00	16.96
1464942.00	17.72
1465304.00	15.55
1465638.00	16.28
1465682.00	16.64
1465996.00	16.02
1465999.00	17.52
1466291.00	18.35
1466363.00	18.15
1466689.00	15.43
1466727.00	15.49
1467105.00	15.19
1467111.00	14.77
1467416.00	17.45
1467460.00	17.98
1467654.00	20.69
1467752.00	22.43
1468051.00	17.47
1468114.00	15.55
1468433.00	15.85
1468468.00	16.03
1468751.00	17.61
1468824.00	17.59
1469093.00	16.88
1469158.00	17.40
1469492.00	16.22
1469519.00	15.56
1469813.00	17.31
1469880.00	17.33
1470125.00	17.62
1470236.00	17.69
1470431.00	17.91
1470591.00	17.95
1470820.00	15.89
1470953.00	15.73
1471179.00	16.34
1471304.00	16.60
1471498.00	17.65
1471658.00	17.58
1471796.00	18.24
1471988.00	18.87
1472180.00	16.62
1472350.00	15.81
1472546.00	16.18
1472718.00	16.05
1472874.00	16.98
1473075.00	17.23
1473194.00	17.48
1473447.00	17.15
1473573.00	15.67
1473809.00	15.91
1473922.00	16.62
1474174.00	16.51
1474250.00	17.00
1474530.00	17.23
1474585.00	17.09
1474883.00	17.16
1474964.00	16.09
1475244.00	15.91
1475304.00	16.82
1475599.00	16.98
1475634.00	17.24
1475954.00	17.24
1475966.00	17.19
1476326.00	16.77
1476343.00	15.71
1476687.00	15.97
1476721.00	15.95
1477048.00	15.95
1477053.00	17.06
1477366.00	17.57
1477403.00	17.71
1477740.00	16.17
1477759.00	16.17
1478119.00	16.03
1478147.00	15.41
1478474.00	15.57
1478481.00	17.14
1478817.00	17.09
1478828.00	17.11
1479157.00	17.69
1479191.00	16.82
1479521.00	15.99
1479547.00	16.34
1479876.00	17.04
1479938.00	16.02
1480206.00	16.02
1480294.00	17.25
1480581.00	16.17
1480624.00	16.77
1480952.00	16.84
1480985.00	16.10
1481283.00	17.08
1481373.00	16.54
1481632.00	16.05
1481728.00	16.71
1482007.00	16.13
1482071.00	16.44
1482370.00	16.70
1482431.00	16.29
1482697.00	17.19
1482767.00	17.77
1483021.00	17.86
1483122.00	17.39
1483398.00	16.11
1483495.00	15.73
1483776.00	15.71
1483856.00	15.95
1484106.00	17.11
1484188.00	17.82
1484453.00	17.36
1484542.00	16.81
1484832.00	16.09
1484878.00	16.54
1485209.00	16.58
1485240.00	15.95
1485532.00	17.25
1485619.00	16.89
1485846.00	17.15
1485975.00	17.68
1486230.00	15.97
1486320.00	16.21
1486594.00	16.65
1486683.00	16.23
1486912.00	17.35
1487029.00	17.77
1487244.00	17.41
1487383.00	17.17
1487633.00	15.87
1487710.00	16.58
1488009.00	16.86
1488071.00	16.04
1488319.00	17.68
1488403.00	18.35
1488609.00	19.04
1488760.00	18.46
1489000.00	15.79
1489125.00	15.58
1489418.00	15.12
1489487.00	15.18
1489721.00	17.86
1489864.00	17.53
1489955.00	20.40
1490216.00	20.93
1490351.00	15.80
1490509.00	17.51
1490730.00	17.82
1490869.00	15.95
1491045.00	17.50
1491222.00	17.66
1491386.00	16.98
1491577.00	16.96
1491782.00	15.76
1491909.00	16.31
1492101.00	18.10
1492270.00	17.41
1492411.00	17.68
1492627.00	17.75
1492715.00	17.94
1492983.00	17.98
1493104.00	15.87
1493337.00	15.91
1493462.00	16.59
1493697.00	16.43
1493780.00	17.41
1494046.00	17.67
1494078.00	18.32
1494399.00	18.23
1494461.00	16.05
1494729.00	16.66
1494827.00	17.02
1495089.00	16.23
1495154.00	17.19
1495454.00	17.13
1495474.00	17.27
1495810.00	17.45
1495855.00	16.02
1496181.00	15.71
1496202.00	16.42
1496532.00	16.91
1496541.00	17.13
1496867.00	16.97
1496906.00	16.86
1497246.00	15.84
1497260.00	16.11
1497587.00	17.01
1497610.00	17.08
1497918.00	17.31
1497971.00	17.06
1498252.00	17.00
1498322.00	17.24
1498630.00	16.20
1498675.00	16.16
1499009.00	16.09
1499046.00	15.71
1499342.00	16.80
1499406.00	17.03
1499657.00	17.56
1499766.00	17.56
1500033.00	16.04
1500117.00	16.24
1500440.00	15.63
1500470.00	15.58
1500777.00	17.08
1500828.00	16.97
1501116.00	16.94
1501180.00	17.08
1501493.00	16.18
1501531.00	16.20
1501850.00	16.62
1501858.00	17.23
1502182.00	17.90
1502219.00	17.06
1502513.00	17.03
1502633.00	15.99
1502891.00	14.91
1502987.00	16.11
1503264.00	16.22
1503314.00	16.90
1503597.00	17.88
1503673.00	17.10
1503949.00	16.62
1504057.00	16.04
1504327.00	15.46
1504410.00	16.16
1504692.00	16.41
1504752.00	16.71
1505022.00	17.54
1505110.00	17.10
1505348.00	17.24
1505444.00	17.85
1505726.00	16.61
1505798.00	16.11
1506107.00	16.07
1506167.00	15.73
1506437.00	16.91
1506527.00	17.11
1506787.00	16.62
1506858.00	17.36
1507168.00	16.64
1507212.00	16.05
1507548.00	16.54
1507873.00	17.83
1507909.00	17.22
1508188.00	17.54
1508287.00	17.19
1508574.00	15.44
1508642.00	15.93
1508938.00	16.41
1508985.00	16.70
1509258.00	17.79
1509348.00	17.32
1509592.00	16.96
1509693.00	17.41
1509982.00	16.11
1510047.00	15.85
1510357.00	16.15
1510373.00	16.89
1510671.00	18.44
1510735.00	17.55
1510960.00	18.33
1511070.00	19.01
1511353.00	16.29
1511426.00	15.75
1511772.00	15.30
1511792.00	15.08
1512076.00	17.77
1512155.00	17.83
1512311.00	20.70
1512534.00	20.36
1512707.00	15.21
1512890.00	15.73
1513087.00	16.05
1513182.00	17.84
1513404.00	19.41
1513546.00	17.41
1513745.00	16.75
1513903.00	16.91
1514141.00	15.67
1514260.00	15.69
1514461.00	17.51
1514594.00	18.02
1514773.00	18.23
1514959.00	17.53
1515076.00	17.78
1515322.00	17.80
1515466.00	15.67
1515682.00	15.73
1515824.00	16.43
1516041.00	16.48
1516143.00	17.46
1516407.00	17.26
1516442.00	17.91
1516764.00	18.16
1516825.00	15.94
1517124.00	15.85
1517190.00	16.25
1517460.00	16.83
1517518.00	17.77
1517829.00	16.99
1517839.00	17.16
1518203.00	17.05
1518220.00	15.63
1518568.00	16.58
1518897.00	17.04
1518947.00	16.74
1519233.00	16.56
1519315.00	16.75
1519614.00	15.73
1519690.00	15.60
1519954.00	16.52
1520053.00	16.80
1520285.00	17.01
1520413.00	17.05
1520618.00	17.03
1520782.00	16.83
1520995.00	15.79
1521143.00	15.99
1521375.00	15.93
1521506.00	15.86
1521708.00	16.98
1521886.00	16.62
1522023.00	17.10
1522254.00	17.35
1522399.00	15.84
1522624.00	15.81
1522805.00	15.22
1522985.00	15.40
1523139.00	17.00
1523348.00	16.96
1523476.00	16.85
1523714.00	16.81
1523851.00	15.94
1524076.00	16.01
1524208.00	16.39
1524435.00	16.45
1524538.00	17.13
1524771.00	17.72
1524867.00	17.77
1525140.00	16.94
1525242.00	15.81
1525563.00	14.82
1525612.00	14.92
1525924.00	16.14
1525942.00	17.11
1526259.00	17.69
1526290.00	17.23
1526624.00	16.55
1526665.00	15.97
1527016.00	15.41
1527025.00	15.71
1527350.00	16.59
1527375.00	17.27
1527671.00	17.38
1527723.00	17.64
1528045.00	16.36
1528088.00	15.97
1528417.00	15.99
1528425.00	16.66
1528743.00	17.77
1528786.00	17.22
1529086.00	16.79
1529161.00	16.47
1529460.00	15.73
1529526.00	15.94
1529830.00	16.03
1529861.00	16.75
1530149.00	18.05
1530219.00	17.49
1530457.00	17.79
1530560.00	18.20
1530835.00	16.43
1530928.00	15.82
1531191.00	16.32
1531311.00	15.99
1531505.00	17.10
1531671.00	17.59
1531829.00	17.30
1532023.00	17.51
1532211.00	16.10
1532391.00	15.69
1532577.00	16.03
1532741.00	16.46
1532882.00	18.07
1533102.00	17.84
1533164.00	18.66
1533432.00	19.38
1533547.00	16.57
1533799.00	15.70
1533955.00	15.24
1534138.00	15.91
1534251.00	18.67
1534481.00	21.55
1534500.00	21.00
1534865.00	15.79
1534872.00	15.57
1535235.00	15.90
1535241.00	15.96
1535544.00	17.51
1535627.00	17.16
1535875.00	16.53
1535987.00	17.08
1536262.00	15.81
1536287.00	17.48
1536573.00	19.32
1536657.00	17.41
1536876.00	17.66
1537017.00	17.90
1537173.00	18.13
1537380.00	18.06
1537553.00	15.88
1537720.00	16.43
1537902.00	17.10
1538089.00	16.42
1538213.00	17.45
1538457.00	17.50
1538505.00	18.15
1538822.00	18.19
1538879.00	15.97
1539186.00	15.99
1539237.00	16.34
1539555.00	16.21
1539557.00	17.16
1539870.00	17.37
1539914.00	17.61
1540242.00	16.12
1540278.00	16.01
1540583.00	16.73
1540616.00	17.35
1540905.00	17.86
1540988.00	17.09
1541235.00	16.86
1541365.00	16.76
1541607.00	15.75
1541731.00	15.96
1541943.00	16.84
1542113.00	16.50
1542267.00	16.83
1542485.00	17.06
1542594.00	16.97
1542862.00	16.83
1542965.00	15.73
1543227.00	16.01
1543338.00	15.99
1543589.00	16.05
1543664.00	17.14
1543962.00	16.92
1543974.00	17.45
1544325.00	17.67
1544343.00	16.12
1544691.00	16.05
1544744.00	15.41
1545074.00	15.01
1545076.00	16.54
1545407.00	16.59
1545445.00	16.89
1545776.00	15.92
1545818.00	15.86
1546128.00	16.26
1546181.00	16.50
1546453.00	17.20
1546547.00	17.13
1546778.00	17.13
1546917.00	17.00
1547150.00	15.88
1547280.00	16.05
1547517.00	16.12
1547643.00	16.12
1547842.00	17.18
1547981.00	17.78
1548187.00	17.28
1548354.00	16.48
1548558.00	15.86
1548780.00	14.85
1548916.00	15.16
1549143.00	16.36
1549239.00	17.23
1549481.00	17.86
1549559.00	17.97
1549848.00	17.26
1549930.00	15.96
1550244.00	15.38
1550301.00	15.38
1550606.00	16.07
1550626.00	17.20
1550956.00	17.48
1550967.00	17.05
1551324.00	16.64
1551340.00	15.92
1551666.00	16.55
1551710.00	16.58
1552027.00	17.43
1552336.00	17.70
1552404.00	17.37
1552714.00	15.62
1552770.00	15.86
1553069.00	16.32
1553106.00	17.04
1553383.00	18.15
1553466.00	17.58
1553708.00	17.27
1553807.00	17.67
1554089.00	16.34
1554175.00	15.73
1554457.00	16.03
1554559.00	15.70
1554761.00	17.33
1554918.00	17.88
1555045.00	18.63
1555267.00	18.85
1555429.00	16.11
1555634.00	15.72
1555839.00	15.23
1555981.00	15.67
1556136.00	18.44
1556339.00	18.20
1556366.00	21.06
1556668.00	21.73
1556753.00	16.56
1557031.00	15.74
1557124.00	16.03
1557367.00	16.71
1557432.00	18.35
1557724.00	17.79
1557767.00	17.05
1558094.00	16.80
1558154.00	15.61
1558459.00	15.72
1558467.00	17.50
1558771.00	17.81
1558839.00	17.45
1559068.00	17.65
1559196.00	18.19
1559449.00	16.02
1559490.00	17.77
1559798.00	18.46
1559854.00	16.53
1560110.00	17.53
1560210.00	17.71
1560402.00	18.39
1560567.00	18.37
1560776.00	16.12
1560903.00	16.67
1561134.00	17.02
1561267.00	16.34
1561454.00	17.35
1561629.00	17.39
1561767.00	17.60
1561989.00	17.62
1562138.00	16.12
1562347.00	16.19
1562479.00	16.89
1562712.00	16.73
1562800.00	17.27
1563065.00	17.50
1563127.00	17.33
1563423.00	17.26
1563500.00	16.17
1563757.00	16.74
1563833.00	17.64
1564122.00	16.89
1564156.00	17.19
1564482.00	17.10
1564493.00	16.97
1564852.00	15.92
1564854.00	16.16
1565223.00	16.12
1565230.00	15.77
1565549.00	16.87
1565594.00	17.15
1565859.00	17.65
1565964.00	17.47
1566226.00	15.94
1566322.00	16.25
1566626.00	15.61
1566676.00	15.66
1566956.00	17.22
1567041.00	16.99
1567288.00	16.97
1567397.00	17.19
1567656.00	16.28
1567752.00	16.28
1568008.00	16.66
1568129.00	16.20
1568332.00	16.92
1568492.00	17.20
1568657.00	17.18
1568856.00	17.15
1569028.00	16.05
1569210.00	16.26
1569395.00	16.34
1569568.00	16.30
1569721.00	17.28
1569931.00	17.17
1570064.00	16.70
1570286.00	16.88
1570436.00	16.26
1570639.00	16.26
1570793.00	16.55
1570969.00	17.15
1571116.00	18.04
1571333.00	17.21
1571435.00	17.35
1571750.00	16.34
1571806.00	15.02
1572105.00	16.24
1572179.00	16.21
1572436.00	16.82
1572503.00	17.99
1572797.00	17.25
1572843.00	16.80
1573183.00	16.27
1573218.00	15.51
1573538.00	16.17
1573586.00	16.28
1573881.00	16.59
1573905.00	17.87
1574213.00	18.17
1574241.00	17.74
1574576.00	18.35
1574589.00	16.62
1574929.00	16.18
1574944.00	16.66
1575258.00	17.72
1575299.00	17.36
1575583.00	17.04
1575658.00	17.27
1575964.00	15.95
1575989.00	16.68
1576330.00	16.97
1576341.00	16.41
1576633.00	18.06
1576675.00	18.48
1576916.00	19.24
1577035.00	18.63
1577298.00	15.89
1577410.00	15.56
1577706.00	15.09
1577765.00	15.53
1578001.00	18.28
1578106.00	18.62
1578230.00	21.50
1578464.00	21.09
1578615.00	15.88
1578805.00	16.29
1578984.00	16.62
1579154.00	16.42
1579292.00	18.00
1579475.00	18.77
1579624.00	18.10
1579833.00	17.12
1580009.00	15.88
1580162.00	16.60
1580319.00	18.45
1580514.00	17.89
1580622.00	18.11
1580875.00	17.88
1580917.00	18.18
1581234.00	18.22
1581295.00	16.00
1581609.00	15.67
1581643.00	16.34
1581953.00	17.38
1581957.00	17.96
1582242.00	18.65
1582244.00	20.49
1582600.00	18.46
1582614.00	16.19
1582949.00	16.38
1582968.00	16.78
1583286.00	17.75
1583299.00	17.73
1583597.00	17.91
1583628.00	18.45
1583966.00	16.98
1583983.00	16.28
1584303.00	17.01
1584338.00	17.06
1584621.00	17.58
1584689.00	17.65
1584947.00	17.43
1585039.00	17.45
1585314.00	16.44
1585395.00	16.32
1585645.00	17.22
1585741.00	17.44
1585965.00	17.72
1586090.00	17.64
1586288.00	17.59
1586416.00	18.18
1586652.00	17.10
1586773.00	16.34
1587019.00	16.30
1587136.00	16.14
1587342.00	17.26
1587488.00	17.54
1587647.00	18.02
1587856.00	17.65
1588011.00	16.12
1588212.00	16.34
1588406.00	15.73
1588573.00	15.63
1588731.00	17.22
1588924.00	17.45
1589058.00	17.43
1589272.00	17.52
1589423.00	16.58
1589628.00	16.36
1589769.00	16.76
1589977.00	16.93
1590090.00	17.61
1590327.00	17.61
1590412.00	17.61
1590694.00	17.18
1590777.00	16.09
1591050.00	16.36
1591140.00	16.39
1591409.00	16.32
1591461.00	17.38
1591758.00	17.64
1591802.00	17.10
1592108.00	17.05
1592170.00	16.44
1592464.00	16.30
1592524.00	16.57
1592814.00	16.71
1592844.00	17.62
1593161.00	17.74
1593162.00	17.78
1593489.00	18.35
1593530.00	17.02
1593848.00	16.19
1593900.00	16.19
1594222.00	17.32
1594258.00	16.30
1594563.00	15.82
1594610.00	17.00
1594933.00	16.33
1594936.00	16.99
1595293.00	16.23
1595304.00	16.23
1595622.00	17.56
1595675.00	17.00
1595929.00	17.27
1596026.00	17.95
1596305.00	16.22
1596366.00	16.50
1596661.00	16.96
1596723.00	16.57
1596975.00	17.65
1597054.00	18.28
1597300.00	17.96
1597406.00	17.43
1597683.00	16.04
1597772.00	15.72
1598050.00	16.07
1598129.00	16.30
1598356.00	17.93
1598456.00	18.64
1598640.00	19.35
1598806.00	18.79
1599024.00	16.08
1599140.00	16.49
1599435.00	16.00
1599498.00	15.41
1599733.00	18.11
1599873.00	17.74
1599963.00	20.60
1600225.00	21.14
1600352.00	15.96
1600565.00	16.21
1600726.00	16.53
1600923.00	16.15
1601036.00	17.75
1601264.00	18.16
1601371.00	17.45
1601613.00	17.23
1601761.00	15.99
1601935.00	16.70
1602075.00	18.53
1602291.00	17.68
1602381.00	17.92
1602620.00	18.58
1602681.00	18.80
1602971.00	18.24
1603064.00	16.06
1603332.00	15.85
1603416.00	16.55
1603690.00	16.59
1603731.00	17.61
1604025.00	18.24
1604063.00	17.91
1604403.00	15.69
1604412.00	16.25
1604699.00	18.05
1604765.00	18.42
1605055.00	16.43
1605089.00	17.36
1605402.00	17.60
1605405.00	17.80
1605751.00	17.73
1605780.00	16.29
1606080.00	16.83
1606125.00	17.52
1606436.00	16.81
1606450.00	17.34
1606782.00	17.17
1606791.00	17.19
1607141.00	17.31
1607158.00	16.27
1607491.00	16.27
1607495.00	17.18
1607822.00	17.42
1607846.00	17.30
1608153.00	17.22
1608192.00	17.44
1608526.00	16.41
1608541.00	16.36
1608865.00	16.99
1608901.00	16.97
1609221.00	16.15
1609231.00	17.23
1609543.00	17.71
1609583.00	17.60
1609914.00	16.10
1609934.00	16.31
1610300.00	15.99
1610318.00	15.34
1610651.00	16.92
1610655.00	17.17
1610985.00	17.09
1611016.00	16.97
1611357.00	16.10
1611365.00	16.36
1611710.00	16.43
1611712.00	16.81
1612039.00	17.52
1612064.00	17.33
1612367.00	17.33
1612410.00	17.52
1612741.00	16.39
1612758.00	16.36
1613110.00	16.49
1613123.00	16.05
1613437.00	17.03
1613478.00	17.28
1613785.00	16.78
1613833.00	16.81
1614159.00	16.19
1614177.00	16.44
1614519.00	16.74
1614526.00	16.64
1614845.00	17.50
1614879.00	17.38
1615167.00	17.52
1615225.00	17.69
1615540.00	16.41
1615570.00	16.43
1615893.00	17.04
1615916.00	17.00
1616242.00	18.18
1616247.00	17.38
1616586.00	16.93
1616654.00	15.81
1616961.00	15.07
1617002.00	16.32
1617324.00	17.03
1617334.00	17.07
1617654.00	18.41
1617678.00	17.58
1617964.00	17.84
1618056.00	17.31
1618345.00	15.56
1618402.00	16.24
1618702.00	16.71
1618737.00	17.02
1619018.00	18.11
1619089.00	17.69
1619346.00	17.37
1619416.00	18.01
1619730.00	16.68
1619762.00	16.18
1620099.00	16.52
1620123.00	16.18
1620406.00	17.77
1620475.00	17.98
1620691.00	18.76
1620800.00	19.46
1621079.00	16.68
1621145.00	16.13
1621474.00	16.54
1621490.00	16.12
1621789.00	18.80
1621828.00	18.17
1622020.00	21.13
1622198.00	20.77
1622411.00	15.49
1622545.00	16.04
1622784.00	16.41
1622881.00	16.66
1623096.00	18.21
1623236.00	17.76
1623431.00	17.11
1623573.00	17.53
1623822.00	16.27
1623918.00	16.07
1624137.00	17.89
1624238.00	18.55
1624444.00	18.80
1624592.00	17.94
1624743.00	18.23
1624916.00	19.00
1625126.00	16.79
1625263.00	16.16
1625479.00	16.83
1625622.00	16.57
1625793.00	17.64
1625976.00	17.71
1626087.00	18.31
1626347.00	17.98
1626464.00	15.77
1626693.00	16.32
1626824.00	16.72
1626978.00	18.54
1627146.00	19.48
1627332.00	17.47
1627462.00	17.67
1627679.00	17.86
1627836.00	16.39
1628027.00	16.34
1628179.00	17.08
1628354.00	17.65
1628502.00	18.15
1628709.00	17.41
1628832.00	17.25
1629061.00	17.32
1629204.00	16.26
1629411.00	16.31
1629539.00	17.21
1629761.00	17.23
1629863.00	17.53
1630115.00	17.39
1630191.00	17.28
1630461.00	17.52
1630561.00	16.52
1630810.00	16.42
1630933.00	16.36
1631135.00	16.98
1631259.00	18.10
1631491.00	17.33
1631567.00	17.89
1631855.00	17.68
1631934.00	16.09
1632207.00	16.39
1632334.00	15.77
1632573.00	15.41
1632662.00	16.98
1632930.00	17.20
1632993.00	17.17
1633291.00	17.08
1633361.00	16.18
1633641.00	16.44
1633710.00	16.85
1633989.00	16.93
1634033.00	17.61
1634344.00	17.39
1634356.00	17.39
1634692.00	17.58
1634724.00	16.47
1635042.00	16.44
1635088.00	16.53
1635409.00	16.12
1635412.00	17.12
1635753.00	16.66
1635766.00	16.91
1636122.00	16.28
1636469.00	16.49
1636476.00	16.83
1636796.00	17.69
1636819.00	17.64
1637112.00	17.76
1637173.00	17.62
1637480.00	16.30
1637522.00	16.47
1637849.00	16.47
1637869.00	16.49
1638170.00	17.63
1638192.00	18.27
1638508.00	17.83
1638549.00	16.99
1638878.00	16.25
1638958.00	15.18
1639243.00	15.25
1639307.00	16.49
1639557.00	17.82
1639630.00	18.53
1639862.00	18.80
1639984.00	17.95
1640235.00	16.19
1640363.00	15.67
1640587.00	16.14
1640710.00	16.85
1640896.00	18.02
1641046.00	18.32
1641219.00	17.94
1641398.00	17.49
1641596.00	16.18
1641726.00	16.81
1641958.00	17.12
1642073.00	16.65
1642259.00	18.33
1642435.00	17.98
1642538.00	18.71
1642787.00	18.95
1642918.00	16.14
1643113.00	16.79
1643321.00	16.34
1643458.00	15.82
1643615.00	18.56
1643787.00	19.03
1643841.00	21.95
1644141.00	21.32
1644223.00	16.05
1644511.00	15.67
1644589.00	16.01
1644858.00	16.56
1644895.00	18.14
1645195.00	18.36
1645224.00	17.69
1645548.00	17.32
1645606.00	16.10
1645885.00	16.47
1645915.00	18.27
1646216.00	18.52
1646230.00	18.32
1646509.00	18.59
1646549.00	19.31
1646885.00	17.09
1646902.00	16.20
1647228.00	16.87
1647230.00	17.57
1647539.00	18.60
1647575.00	18.05
1647828.00	18.71
1647932.00	18.48
1648198.00	16.19
1648287.00	16.24
1648552.00	16.62
1648658.00	16.28
1648868.00	17.31
1649002.00	17.89
1649178.00	18.04
1649288.00	19.80
1649545.00	18.35
1649643.00	16.34
1649881.00	17.06
1649990.00	17.25
1650200.00	17.75
1650339.00	17.73
1650524.00	17.55
1650667.00	18.04
1650890.00	17.02
1651021.00	16.39
1651219.00	17.24
1651374.00	17.27
1651539.00	17.58
1651725.00	17.62
1651860.00	17.57
1652074.00	17.61
1652225.00	16.51
1652431.00	16.34
1652592.00	16.30
1652776.00	16.56
1652913.00	17.71
1653124.00	17.64
1653217.00	18.15
1653450.00	18.72
1653579.00	17.17
1653808.00	16.36
1653974.00	15.70
1654171.00	15.59
1654298.00	17.20
1654525.00	17.43
1654625.00	17.38
1654892.00	17.06
1654988.00	16.16
1655249.00	16.39
1655334.00	16.76
1655611.00	16.65
1655655.00	17.34
1655963.00	17.57
1655974.00	17.57
1656312.00	17.64
1656338.00	16.53
1656669.00	16.36
1656700.00	16.41
1657019.00	16.55
1657021.00	17.62
1657360.00	17.10
1657369.00	17.10
1657726.00	16.48
1657737.00	16.09
1658078.00	16.39
1658094.00	16.59
1658395.00	17.49
1658453.00	17.49
1658710.00	17.58
1658802.00	17.79
1659076.00	16.51
1659152.00	16.48
1659443.00	16.46
1659507.00	16.34
1659762.00	17.53
1659858.00	17.65
1660099.00	17.15
1660205.00	17.23
1660466.00	16.51
1660530.00	17.09
1660832.00	17.11
1660887.00	16.32
1661146.00	17.68
1661297.00	16.59
1661449.00	16.94
1661646.00	18.19
1661819.00	16.38
1661970.00	17.03
1662170.00	17.48
1662325.00	16.69
1662479.00	17.86
1662706.00	17.31
1662798.00	16.95
1663054.00	17.67
1663175.00	16.28
1663392.00	16.55
1663535.00	16.92
1663745.00	16.55
1663834.00	18.22
1664074.00	18.80
1664114.00	19.47
1664421.00	19.03
1664492.00	16.30
1664784.00	15.91
1664894.00	15.44
1665137.00	15.69
1665187.00	18.45
1665413.00	21.46
1665462.00	22.18
1665793.00	16.84
1665807.00	16.29
1666135.00	16.73
1666157.00	17.07
1666463.00	18.60
1666490.00	17.92
1666789.00	17.33
1666860.00	16.99
1667170.00	15.71
1667207.00	16.26
1667478.00	18.07
1667542.00	18.35
1667777.00	18.64
1667896.00	18.19
1668068.00	18.46
1668230.00	18.94
1668443.00	16.67
1668576.00	16.39
1668787.00	17.12
1668891.00	17.91
1669093.00	18.95
1669242.00	18.04
1669380.00	18.68
1669565.00	19.38
1669748.00	17.12
1669911.00	16.52
1670099.00	16.90
1670266.00	16.69
1670413.00	17.68
1670619.00	17.75
1670721.00	17.93
1670985.00	17.61
1671086.00	16.12
1671329.00	16.63
1671420.00	17.41
1671612.00	19.29
1671737.00	19.76
1671964.00	17.66
1672058.00	17.52
1672308.00	17.74
1672422.00	16.68
1672653.00	16.65
1672750.00	17.54
1672978.00	18.10
1673066.00	18.38
1673330.00	17.66
1673386.00	17.57
1673681.00	17.59
1673748.00	16.53
1674028.00	16.60
1674112.00	16.55
1674373.00	16.63
1674431.00	17.80
1674727.00	17.58
1674733.00	18.07
1675071.00	18.34
1675094.00	16.75
1675418.00	16.65
1675485.00	16.04
1675740.00	16.70
1675806.00	18.29
1676094.00	17.47
1676130.00	17.41
1676454.00	17.27
1676489.00	16.39
1676804.00	16.62
1676833.00	16.98
1677152.00	17.68
1677169.00	17.33
1677468.00	17.39
1677524.00	17.62
1677829.00	16.48
1677883.00	16.39
1678189.00	16.39
1678232.00	16.64
1678506.00	17.78
1678577.00	17.83
1678841.00	17.30
1678932.00	17.11
1679205.00	16.41
1679278.00	16.60
1679554.00	16.95
1679627.00	16.88
1679868.00	17.82
1679994.00	17.40
1680180.00	17.47
1680348.00	17.78
1680543.00	16.46
1680703.00	16.41
1680906.00	16.41
1681050.00	16.60
1681222.00	17.81
1681399.00	17.76
1681556.00	17.26
1681754.00	17.14
1681919.00	16.43
1682101.00	16.60
1682280.00	16.67
1682448.00	16.67
1682592.00	17.96
1682773.00	18.53
1682891.00	18.91
1683130.00	18.10
1683259.00	16.28
1683539.00	15.23
1683606.00	15.69
1683888.00	16.95
1683912.00	18.12
1684211.00	18.75
1684228.00	18.41
1684564.00	17.69
1684602.00	16.24
1684943.00	15.65
1684958.00	16.02
1685254.00	17.75
1685292.00	18.45
1685530.00	19.17
1685629.00	19.45
1685904.00	16.64
1685983.00	16.22
1686301.00	15.74
1686312.00	16.37
1686590.00	19.14
1686660.00	18.68
1686814.00	21.64
1687022.00	21.28
1687189.00	15.99
1687376.00	16.20
1687549.00	16.55
1687701.00	17.27
1687852.00	18.81
1688047.00	18.24
1688174.00	17.63
1688377.00	18.10
1688550.00	16.79
1688731.00	16.15
1688854.00	18.04
1689102.00	17.66
1689150.00	17.86
1689436.00	18.24
1689450.00	18.76
1689787.00	19.04
1689806.00	16.72
1690141.00	16.30
1690146.00	16.98
1690447.00	18.10
1690477.00	18.55
1690729.00	19.17
1690823.00	18.92
1691093.00	16.60
1691141.00	17.35
1691439.00	17.77
1691494.00	16.86
1691747.00	17.94
1691818.00	18.68
1692052.00	18.78
1692166.00	18.18
1692411.00	16.67
1692523.00	16.41
1692739.00	17.23
1692876.00	17.37
1693051.00	17.81
1693246.00	17.40
1693369.00	17.25
1693590.00	17.85
1693725.00	16.81
1693874.00	18.62
1694048.00	19.49
1694227.00	17.46
1694361.00	17.75
1694571.00	18.00
1694675.00	17.97
1694916.00	17.92
1695030.00	16.83
1695240.00	17.39
1695389.00	17.29
1695593.00	16.55
1695703.00	17.72
1695943.00	17.79
1696000.00	18.37
1696290.00	18.46
1696355.00	16.81
1696635.00	16.83
1696740.00	16.21
1696987.00	16.04
1697056.00	17.72
1697329.00	17.96
1697375.00	17.84
1697674.00	17.77
1697729.00	16.86
1697996.00	17.50
1698065.00	17.94
1698347.00	17.18
1698379.00	17.79
1698691.00	17.85
1698705.00	17.67
1699046.00	16.52
1699053.00	16.76
1699399.00	16.81
1699416.00	16.46
1699712.00	17.52
1699768.00	17.78
1700043.00	17.29
1700126.00	17.17
1700399.00	16.50
1700470.00	16.81
1700745.00	17.10
1700815.00	17.07
1701054.00	18.07
1701167.00	17.92
1701360.00	18.02
1701510.00	18.21
1701718.00	16.84
1701856.00	16.79
1702077.00	16.74
1702218.00	16.34
1702387.00	17.64
1702571.00	17.87
1702718.00	17.27
1702925.00	17.24
1703077.00	16.57
1703269.00	16.76
1703433.00	16.79
1703614.00	16.81
1703740.00	18.19
1703966.00	18.02
1704038.00	18.27
1704309.00	18.45
1704401.00	16.70
1704655.00	16.67
1704744.00	17.12
1704976.00	17.73
1705048.00	18.84
1705330.00	18.03
1705360.00	17.78
1705729.00	16.33
1705735.00	15.25
1706082.00	16.49
1706085.00	16.81
1706379.00	18.50
1706402.00	19.19
1706651.00	20.07
1706754.00	19.24
1707024.00	16.26
1707131.00	15.71
1707420.00	15.25
1707476.00	16.00
1707706.00	18.86
1707811.00	19.09
1707928.00	22.12
1708162.00	21.72
1708303.00	16.24
1708488.00	16.89
1708660.00	17.28
1708831.00	16.86
1708960.00	18.43
1709193.00	17.95
1709284.00	17.25
1709543.00	17.53
1709659.00	16.27
1709867.00	16.94
1709962.00	18.81
1710211.00	18.31
1710257.00	18.57
1710538.00	19.02
1710545.00	19.30
1710889.00	18.65
1710914.00	16.37
1711254.00	17.05
1711259.00	16.60
1711558.00	17.63
1711604.00	18.23
1711840.00	19.02
1711938.00	19.33
1712205.00	16.91
1712290.00	16.46
1712554.00	16.83
1712626.00	17.20
1712864.00	18.27
1712969.00	18.11
1713170.00	18.27
1713284.00	18.98
1713532.00	17.46
1713635.00	16.53
1713863.00	17.29
1713959.00	18.02
1714176.00	18.53
1714304.00	17.92
1714498.00	17.69
1714659.00	17.47
1714859.00	16.46
1715010.00	16.55
1715184.00	17.45
1715379.00	17.07
1715500.00	17.35
1715721.00	17.94
1715818.00	17.85
1716005.00	19.67
1716178.00	18.61
1716356.00	16.60
1716541.00	16.53
1716698.00	16.72
1716859.00	17.85
1717040.00	17.87
1717159.00	18.46
1717363.00	18.97
1717518.00	17.32
1717715.00	16.57
1717908.00	15.94
1718064.00	16.01
1718227.00	17.67
1718409.00	17.77
1718550.00	17.68
1718753.00	17.71
1718909.00	16.74
1719104.00	16.57
1719251.00	17.03
1719445.00	17.27
1719567.00	17.96
1719789.00	17.91
1719884.00	17.88
1720108.00	18.52
1720244.00	17.44
1720458.00	16.62
1720601.00	16.64
1720816.00	16.45
1720918.00	17.55
1721162.00	17.83
1721253.00	17.30
1721523.00	16.97
1721612.00	16.39
1721874.00	16.60
1721962.00	16.83
1722229.00	16.71
1722276.00	17.65
1722573.00	17.97
1722586.00	18.09
1722916.00	18.11
1722947.00	16.77
1723265.00	16.60
1723309.00	16.58
1723607.00	16.75
1723624.00	17.96
1723951.00	17.91
1723957.00	17.41
1724311.00	17.03
1724321.00	16.27
1724660.00	16.53
1724680.00	16.67
1724990.00	17.94
1725010.00	17.92
1725290.00	18.23
1725353.00	18.40
1725657.00	16.63
1725695.00	16.68
1726002.00	17.17
1726044.00	16.98
1726309.00	18.06
1726386.00	18.26
1726625.00	17.99
1726727.00	18.01
1726997.00	16.56
1727046.00	17.10
1727354.00	17.48
1727396.00	16.69
1727651.00	18.33
1727797.00	17.26
1727926.00	18.09
1728141.00	19.34
1728301.00	16.44
1728458.00	17.14
1728699.00	16.69
1728806.00	15.89
1728987.00	18.71
1729180.00	18.10
1729211.00	21.02
1729522.00	21.79
1729587.00	16.47
1729851.00	16.79
1729949.00	17.11
1730200.00	16.62
1730250.00	18.25
1730522.00	18.93
1730574.00	18.24
1730863.00	17.75
1730950.00	16.52
1731220.00	16.10
1731255.00	17.94
1731551.00	18.17
1731568.00	18.40
1731840.00	18.71
1731887.00	19.43
1732209.00	17.19
1732227.00	16.64
1732551.00	17.76
1732855.00	18.81
1732899.00	18.15
1733136.00	18.91
1733265.00	18.49
1733501.00	16.12
1733607.00	16.71
1733849.00	17.10
1733937.00	17.39
1734160.00	18.43
1734285.00	17.99
1734464.00	18.14
1734618.00	18.47
1734826.00	16.95
1734958.00	16.80
1735156.00	17.59
1735270.00	18.36
1735468.00	18.88
1735617.00	17.93
1735788.00	17.72
1735937.00	18.47
1736148.00	17.39
1736278.00	16.82
1736471.00	17.78
1736630.00	17.46
1736785.00	17.72
1736978.00	17.87
1737101.00	17.84
1737342.00	17.46
1737458.00	16.36
1737682.00	16.94
1737819.00	16.87
1737962.00	18.66
1738134.00	19.80
1738309.00	17.83
1738432.00	18.43
1738648.00	18.58
1738787.00	16.94
1738989.00	16.91
1739174.00	16.27
1739309.00	16.86
1739490.00	18.52
1739657.00	17.75
1739810.00	17.70
1740002.00	17.77
1740165.00	16.83
1740343.00	16.93
1740503.00	17.38
1740685.00	17.35
1740816.00	18.02
1741033.00	17.87
1741129.00	17.87
1741371.00	18.12
1741484.00	16.99
1741713.00	16.88
1741837.00	16.96
1742030.00	17.66
1742149.00	18.76
1742378.00	17.90
1742480.00	17.39
1742733.00	17.24
1742836.00	16.59
1743077.00	16.81
1743180.00	17.10
1743434.00	16.83
1743490.00	17.77
1743782.00	17.96
1743796.00	18.12
1744137.00	17.98
1744152.00	16.62
1744478.00	16.93
1744509.00	16.86
1744820.00	18.11
1745147.00	17.59
1745167.00	17.47
1745504.00	16.74
1745508.00	16.89
1745849.00	16.89
1745860.00	16.91
1746165.00	18.33
1746207.00	17.92
1746461.00	18.18
1746555.00	18.44
1746822.00	16.65
1746903.00	16.62
1747162.00	17.13
1747244.00	17.32
1747464.00	18.41
1747585.00	18.39
1747775.00	18.11
1747931.00	17.98
1748142.00	16.54
1748273.00	16.66
1748493.00	17.03
1748611.00	17.10
1748786.00	18.80
1748926.00	19.41
1749057.00	20.15
1749276.00	19.27
1749426.00	16.44
1749674.00	15.40
1749817.00	14.91
1750015.00	16.18
1750103.00	19.00
1750323.00	21.99
1750331.00	22.65
1750677.00	21.86
1750694.00	16.48
1751048.00	16.28
1751346.00	17.79
1751388.00	18.54
1751666.00	17.92
1751716.00	18.24
1752036.00	16.97
1752060.00	16.52
1752337.00	18.35
1752382.00	18.96
1752631.00	19.23
1752721.00	18.74
1752915.00	19.06
1753073.00	18.71
1753280.00	16.41
1753419.00	16.58
1753615.00	17.30
1753736.00	18.11
1753915.00	19.14
1754073.00	18.56
1754194.00	19.30
1754395.00	19.70
1754555.00	17.31
1754741.00	16.67
1754899.00	17.10
1755103.00	16.75
1755205.00	17.78
1755443.00	18.26
1755506.00	18.42
1755773.00	18.71
1755864.00	17.17
1756119.00	16.79
1756191.00	17.57
1756448.00	17.96
1756500.00	18.46
1756787.00	18.22
1756816.00	18.04
1757098.00	18.82
1757173.00	17.74
1757443.00	16.81
1757493.00	17.71
1757763.00	18.41
1757804.00	18.70
1758103.00	18.11
1758117.00	18.05
1758453.00	17.82
1758471.00	16.73
1758801.00	16.81
1758827.00	16.76
1759141.00	17.90
1759162.00	17.59
1759436.00	18.13
1759502.00	18.64
1759782.00	20.47
1759789.00	18.89
1760130.00	16.85
1760172.00	16.18
1760468.00	16.43
1760487.00	18.09
1760804.00	18.06
1760809.00	17.96
1761128.00	18.55
1761158.00	17.58
1761476.00	16.81
1761494.00	17.23
1761805.00	17.93
1761822.00	18.01
1762115.00	18.04
1762163.00	18.11
1762470.00	16.91
1762505.00	16.91
1762821.00	17.00
1762854.00	16.83
1763132.00	17.91
1763192.00	18.18
1763462.00	17.67
1763533.00	17.59
1763817.00	16.96
1763852.00	17.58
1764158.00	17.87
1764200.00	17.08
1764469.00	17.96
1764555.00	17.82
1764772.00	18.01
1764899.00	18.25
1765129.00	16.83
1765259.00	16.48
1765486.00	16.45
1765606.00	16.71
1765797.00	17.96
1765961.00	17.82
1766125.00	17.30
1766304.00	17.54
1766482.00	16.79
1766643.00	16.91
1766837.00	17.01
1766992.00	16.76
1767142.00	18.10
1767334.00	18.27
1767438.00	18.60
1767677.00	18.60
1767800.00	16.75
1768036.00	16.34
1768143.00	16.82
1768384.00	17.08
1768445.00	18.22
1768733.00	18.22
1768757.00	17.90
1769074.00	18.05
1769123.00	16.64
1769418.00	16.59
1769477.00	16.88
1769765.00	16.81
1769770.00	18.57
1770042.00	19.32
1770107.00	19.44
1770412.00	16.59
1770449.00	16.62
1770766.00	17.30
1770805.00	16.81
1771092.00	19.62
1771115.00	18.74
1771313.00	21.77
1771516.00	20.67
1771685.00	15.26
1771858.00	16.50
1772043.00	16.84
1772175.00	17.54
1772342.00	19.14
1772522.00	18.34
1772663.00	17.66
1772894.00	17.11
1773035.00	15.86
1773234.00	16.61
1773338.00	18.41
1773563.00	18.65
1773632.00	18.98
1773910.00	18.56
1773917.00	18.85
1774232.00	19.48
1774285.00	17.17
1774572.00	16.69
1774623.00	17.40
1774925.00	18.45
1774927.00	18.08
1775205.00	18.82
1775272.00	19.06
1775568.00	16.65
1775591.00	17.35
1775914.00	17.77
1775930.00	17.22
1776223.00	18.22
1776252.00	18.71
1776527.00	18.90
1776598.00	18.23
1776886.00	16.72
1776962.00	16.30
1777215.00	17.04
1777302.00	17.61
1777525.00	18.16
1777632.00	18.45
1777843.00	18.24
1777978.00	17.80
1778202.00	16.72
1778308.00	17.16
1778525.00	18.10
1778646.00	17.89
1778838.00	18.15
1778957.00	18.88
1779152.00	18.82
1779301.00	17.94
1779509.00	16.84
1779620.00	17.45
1779868.00	17.41
1779959.00	16.89
1780183.00	18.04
1780308.00	17.79
1780481.00	18.32
1780654.00	18.42
1780837.00	16.81
1781015.00	16.43
1781222.00	15.81
1781352.00	16.39
1781541.00	17.97
1781630.00	19.87
1781860.00	19.87
1781974.00	17.79
1782216.00	16.83
1782312.00	16.99
1782555.00	17.40
1782651.00	17.38
1782869.00	18.10
1782969.00	18.67
1783183.00	18.64
1783315.00	17.89
1783540.00	16.76
1783658.00	16.84
1783894.00	16.91
1783999.00	16.98
1784209.00	18.01
1784339.00	18.04
1784541.00	17.59
1784684.00	17.43
1784898.00	16.76
1785020.00	16.99
1785245.00	17.28
1785358.00	17.23
1785556.00	18.18
1785675.00	18.76
1785864.00	18.82
1786022.00	18.04
1786222.00	16.74
1786374.00	16.57
1786583.00	16.52
1786717.00	16.77
1786895.00	18.06
1787074.00	17.74
1787226.00	17.20
1787423.00	17.36
1787586.00	16.62
1787775.00	16.57
1787943.00	16.64
1788115.00	16.89
1788252.00	18.20
1788454.00	18.25
1788549.00	18.60
1788802.00	18.40
1788914.00	16.58
1789142.00	16.75
1789258.00	17.20
1789484.00	17.15
1789562.00	18.30
1789843.00	17.92
1789876.00	17.61
1790189.00	17.87
1790246.00	16.47
1790538.00	16.42
1790601.00	16.71
1790878.00	16.94
1790895.00	18.71
1791169.00	19.37
1791220.00	19.35
1791541.00	16.55
1791567.00	16.41
1791908.00	16.55
1791938.00	16.07
1792224.00	18.94
1792248.00	18.99
1792447.00	21.95
1792565.00	22.59
1792822.00	17.17
1792913.00	16.32
1793180.00	16.69
1793313.00	15.59
1793481.00	17.18
1793655.00	18.45
1793805.00	17.73
1793972.00	18.35
1794179.00	17.14
1794319.00	16.39
1794483.00	18.23
1794691.00	17.64
1794778.00	17.87
1795030.00	18.64
1795064.00	18.99
1795360.00	19.25
1795434.00	16.93
1795706.00	16.49
1795774.00	17.20
1796028.00	17.83
1796077.00	18.87
1796358.00	19.59
1796367.00	19.13
1796723.00	16.39
1797069.00	17.05
1797379.00	18.01
1797386.00	18.73
1797683.00	18.98
1797725.00	18.41
1798043.00	16.85
1798048.00	17.28
1798372.00	18.10
1798396.00	17.47
1798685.00	17.93
1798759.00	17.58
1799002.00	17.43
1799101.00	17.93
1799362.00	16.84
1799431.00	17.10
1799685.00	18.02
1799779.00	17.58
1800000.00	17.84
1800109.00	18.30
1800315.00	18.30
1800447.00	18.09
1800672.00	16.96
1800759.00	17.69
1801033.00	17.62
1801105.00	16.72
1801348.00	17.86
1801423.00	18.58
1801647.00	19.15
1801763.00	18.55
1802003.00	16.91
1802114.00	16.64
1802390.00	16.00
1802461.00	16.12
1802708.00	17.77
1802823.00	17.42
1803028.00	17.36
1803161.00	17.94
1803385.00	16.99
1803440.00	18.84
1803724.00	19.28
1803784.00	17.22
1804039.00	17.92
1804122.00	18.09
1804354.00	18.09
1804462.00	18.04
1804711.00	16.91
1804780.00	17.54
1805067.00	17.56
1805126.00	16.76
1805382.00	17.87
1805469.00	17.99
1805714.00	17.48
1805809.00	17.56
1806074.00	16.89
1806148.00	16.89
1806421.00	17.18
1806493.00	17.00
1806734.00	17.95
1806827.00	18.26
1807042.00	18.38
1807166.00	18.25
1807403.00	16.85
1807481.00	17.51
1807765.00	17.51
1807826.00	16.72
1808078.00	17.97
1808178.00	17.78
1808410.00	17.21
1808518.00	17.48
1808772.00	16.77
1808874.00	16.41
1809133.00	16.45
1809219.00	16.74
1809442.00	18.09
1809570.00	17.90
1809742.00	18.22
1809909.00	18.56
1810109.00	16.76
1810247.00	16.76
1810455.00	17.20
1810593.00	16.98
1810762.00	18.08
1810931.00	18.31
1811077.00	18.06
1811270.00	18.04
1811450.00	16.58
1811626.00	16.19
1811809.00	16.50
1811970.00	16.74
1812106.00	18.45
1812316.00	18.45
1812382.00	19.21
1812654.00	19.38
1812758.00	16.55
1812993.00	16.52
1813157.00	16.07
1813337.00	15.92
1813448.00	18.66
1813672.00	21.69
1813675.00	21.86
1814011.00	21.91
1814051.00	16.54
1814325.00	17.15
1814413.00	17.52
1814670.00	16.70
1814717.00	18.28
1815044.00	17.57
1815066.00	16.44
1815403.00	17.75
1815422.00	16.55
1815716.00	17.22
1815728.00	19.00
1816028.00	19.23
1816060.00	18.40
1816318.00	18.74
1816427.00	18.20
1816692.00	15.94
1816763.00	16.66
1817035.00	17.33
1817090.00	17.60
1817341.00	18.69
1817432.00	18.29
1817627.00	18.94
1817750.00	19.53
1817996.00	17.24
1818085.00	16.80
1818348.00	17.16
1818436.00	16.78
1818661.00	17.82
1818776.00	18.05
1818968.00	18.20
1819090.00	18.94
1819335.00	17.43
1819426.00	16.84
1819668.00	17.64
1819744.00	18.08
1819985.00	18.52
1820087.00	17.90
1820308.00	17.73
1820445.00	17.35
1820672.00	16.32
1820781.00	16.86
1821000.00	17.74
1821108.00	18.01
1821320.00	18.27
1821449.00	17.84
1821640.00	17.79
1821776.00	18.18
1822003.00	17.12
1822111.00	16.93
1822370.00	16.84
1822417.00	17.62
1822691.00	18.77
1822758.00	17.84
1822994.00	18.38
1823073.00	19.10
1823357.00	17.49
1823409.00	16.88
1823750.00	16.28
1823754.00	16.05
1824074.00	17.63
1824097.00	17.68
1824401.00	17.59
1824454.00	17.28
1824764.00	16.39
1824787.00	16.93
1825062.00	18.82
1825109.00	19.25
1825402.00	17.20
1825430.00	17.87
1825735.00	18.08
1825750.00	18.08
1826070.00	17.97
1826114.00	16.86
1826383.00	17.53
1826476.00	17.58
1826724.00	16.80
1826798.00	17.84
1827063.00	17.89
1827136.00	17.45
1827397.00	17.56
1827502.00	16.89
1827730.00	16.91
1827855.00	17.16
1828072.00	16.93
1828173.00	17.87
1828403.00	18.19
1828488.00	18.27
1828736.00	18.19
1828856.00	16.87
1829047.00	17.50
1829222.00	17.50
1829388.00	16.66
1829542.00	17.87
1829735.00	17.72
1829880.00	17.20
1830072.00	17.48
1830248.00	16.79
1830423.00	16.44
1830614.00	16.46
1830764.00	16.71
1830928.00	18.01
1831109.00	17.86
1831233.00	18.17
1831444.00	18.45
1831605.00	16.71
1831778.00	16.76
1831958.00	17.19
1832118.00	17.01
1832268.00	18.19
1832452.00	18.35
1832589.00	17.99
1832785.00	18.02
1832967.00	16.66
1833137.00	16.18
1833330.00	16.50
1833477.00	16.80
1833631.00	18.48
1833819.00	18.45
1833911.00	19.16
1834151.00	19.39
1834291.00	16.62
1834486.00	16.57
1834696.00	16.11
1834826.00	15.95
1834989.00	18.71
1835158.00	18.90
1835217.00	21.76
1835491.00	21.79
1835599.00	16.60
1835801.00	17.23
1835966.00	17.55
1836143.00	16.68
1836272.00	18.23
1836533.00	17.13
1836602.00	16.48
1836869.00	17.74
1836985.00	16.48
1837179.00	17.16
1837295.00	19.00
1837519.00	18.22
1837597.00	18.44
1837882.00	17.89
1837888.00	18.22
1838216.00	18.90
1838265.00	16.63
1838538.00	16.96
1838612.00	17.66
1838878.00	17.17
1838920.00	18.22
1839193.00	18.91
1839208.00	19.58
1839526.00	19.10
1839578.00	16.83
1839874.00	16.42
1839931.00	16.81
1840213.00	17.03
1840247.00	18.01
1840526.00	18.76
1840558.00	18.91
1840858.00	18.34
1840925.00	16.90
1841175.00	17.32
1841259.00	18.11
1841517.00	17.43
1841579.00	17.84
1841872.00	17.53
1841902.00	17.41
1842208.00	17.91
1842267.00	16.86
1842532.00	17.16
1842597.00	18.04
1842872.00	17.64
1842915.00	17.92
1843197.00	18.32
1843236.00	18.29
1843530.00	18.05
1843600.00	16.94
1843836.00	17.75
1843965.00	17.73
1844176.00	16.76
1844285.00	17.86
1844489.00	18.62
1844588.00	19.19
1844823.00	18.57
1844950.00	16.95
1845168.00	16.70
1845341.00	16.09
1845509.00	16.20
1845663.00	17.81
1845864.00	17.42
1845988.00	17.34
1846198.00	17.91
1846349.00	17.03
1846472.00	18.93
1846692.00	19.31
1846813.00	17.22
1847011.00	17.92
1847145.00	18.11
1847328.00	18.16
1847478.00	18.16
1847689.00	17.00
1847791.00	17.57
1848047.00	17.61
1848133.00	16.82
1848364.00	17.90
1848472.00	17.98
1848699.00	17.48
1848808.00	17.56
1849061.00	16.90
1849143.00	16.95
1849409.00	17.31
1849485.00	17.12
1849722.00	18.05
1849816.00	18.28
1850032.00	18.37
1850150.00	18.32
1850393.00	16.98
1850462.00	17.63
1850753.00	17.65
1850802.00	16.82
1851068.00	17.99
1851150.00	17.84
1851401.00	17.36
1851489.00	17.58
1851762.00	16.87
1851841.00	16.55
1852120.00	16.62
1852182.00	16.84
1852430.00	18.14
1852530.00	18.02
1852728.00	18.37
1852866.00	18.68
1853093.00	16.88
1853199.00	16.94
1853438.00	17.38
1853541.00	17.15
1853741.00	18.33
1853875.00	18.54
1854056.00	18.17
1854211.00	18.14
1854426.00	16.75
1854563.00	16.33
1854782.00	16.64
1854904.00	16.88
1855076.00	18.66
1855248.00	18.61
1855350.00	19.31
1855582.00	19.57
1855723.00	16.71
1855918.00	16.66
1856119.00	16.22
1856258.00	16.12
1856406.00	18.92
1856594.00	19.05
1856629.00	22.00
1856928.00	22.03
1857004.00	16.69
1857239.00	17.35
1857362.00	17.70
1857581.00	16.86
1857664.00	18.39
1857975.00	17.23
1857987.00	16.59
1858311.00	17.91
1858361.00	16.69
1858621.00	17.40
1858664.00	19.19
1858962.00	18.52
1859249.00	18.94
1859326.00	18.39
1859618.00	16.05
1859661.00	16.78
1859960.00	17.43
1859983.00	17.76
1860263.00	18.90
1860322.00	18.44
1860545.00	19.13
1860638.00	19.79
1860910.00	17.42
1860971.00	16.91
1861258.00	17.31
1861318.00	16.95
1861569.00	17.99
1861658.00	18.16
1861875.00	18.26
1861972.00	18.97
1862237.00	17.52
1862305.00	17.01
1862568.00	17.80
1862622.00	18.25
1862882.00	18.73
1862962.00	18.05
1863203.00	17.81
1863321.00	17.40
1863564.00	16.41
1863656.00	16.97
1863889.00	17.85
1863980.00	18.15
1864204.00	18.41
1864321.00	17.96
1864522.00	17.90
1864646.00	18.32
1864881.00	17.27
1864981.00	17.00
1865244.00	16.91
1865287.00	17.74
1865562.00	18.89
1865629.00	17.90
1865861.00	18.49
1865942.00	19.29
1866221.00	17.64
1866278.00	16.97
1866610.00	16.34
1866623.00	16.11
1866929.00	17.74
1866965.00	17.82
1867252.00	17.73
1867322.00	17.39
1867612.00	16.48
1867657.00	16.97
1867932.00	18.91
1867952.00	19.35
1868270.00	19.97
1868276.00	17.85
1868587.00	17.88
1868611.00	18.08
1868948.00	16.95
1869263.00	17.56
1869304.00	17.63
1869605.00	16.86
1869623.00	17.87
1869945.00	17.92
1869957.00	17.48
1870283.00	17.53
1870318.00	16.87
1870621.00	16.90
1870669.00	17.15
1870963.00	17.00
1870983.00	17.97
1871294.00	18.06
1871297.00	18.31
1871633.00	18.24
1871657.00	16.90
1871948.00	17.52
1872020.00	17.52
1872290.00	16.72
1872336.00	17.94
1872640.00	17.76
1872671.00	17.18
1872980.00	17.43
1873036.00	16.75
1873335.00	16.39
1873397.00	16.46
1873679.00	16.75
1873710.00	18.00
1874012.00	18.34
1874027.00	18.22
1874364.00	18.49
1874381.00	16.74
1874700.00	16.77
1874730.00	17.20
1875037.00	18.36
1875044.00	18.18
1875356.00	17.85
1875380.00	18.03
1875716.00	18.03
1875732.00	16.62
1876072.00	16.15
1876093.00	16.46
1876391.00	18.18
1876414.00	18.50
1876669.00	19.21
1876759.00	19.13
1877048.00	16.31
1877094.00	16.56
1877431.00	16.51
1877451.00	16.07
1877743.00	18.86
1877774.00	18.71
1877970.00	21.62
1878111.00	21.77
1878350.00	16.47
1878445.00	16.57
1878714.00	16.94
1878759.00	17.50
1879021.00	19.03
1879102.00	18.21
1879349.00	17.59
1879496.00	16.48
1879729.00	15.21
1879833.00	16.47
1880038.00	18.30
1880146.00	18.97
1880339.00	19.23
1880487.00	18.45
1880630.00	18.79
1880853.00	18.23
1881006.00	15.90
1881188.00	16.62
1881351.00	17.30
1881512.00	17.60
1881658.00	18.72
1881852.00	18.29
1881944.00	18.96
1882169.00	19.59
1882313.00	17.27
1882503.00	16.80
1882665.00	17.19
1882853.00	16.78
1882979.00	17.79
1883193.00	18.04
1883288.00	18.19
1883506.00	18.94
1883654.00	17.46
1883839.00	16.92
1883988.00	17.72
1884156.00	18.11
1884304.00	18.58
1884498.00	17.93
1884628.00	17.73
1884854.00	17.41
1884991.00	16.41
1885189.00	16.88
1885319.00	17.77
1885511.00	18.15
1885636.00	18.41
1885850.00	17.95
1885955.00	17.95
1886174.00	18.35
1886317.00	17.25
1886507.00	17.03
1886681.00	16.98
1886810.00	17.83
1887000.00	18.95
1887149.00	17.92
1887301.00	18.47
1887462.00	19.22
1887663.00	17.60
1887794.00	17.00
1888052.00	16.40
1888137.00	16.16
1888372.00	17.84
1888477.00	17.87
1888696.00	17.73
1888833.00	17.36
1889056.00	16.45
1889164.00	17.11
1889398.00	17.54
1889437.00	19.40
1889716.00	20.08
1889776.00	18.00
1890032.00	18.00
1890106.00	18.22
1890392.00	17.13
1890439.00	17.08
1890751.00	17.67
1891067.00	18.79
1891089.00	18.03
1891401.00	17.51
1891426.00	17.56
1891760.00	17.61
1891762.00	17.00
1892092.00	17.08
1892110.00	17.36
1892423.00	18.31
1892431.00	18.12
1892734.00	18.21
1892761.00	18.40
1893093.00	18.37
1893096.00	17.01
1893401.00	17.70
1893457.00	17.72
1893741.00	16.82
1893772.00	18.04
1894085.00	17.97
1894104.00	17.43
1894420.00	17.64
1894466.00	16.93
1894769.00	16.58
1894825.00	16.67
1895108.00	16.91
1895135.00	18.19
1895434.00	18.54
1895453.00	18.41
1895785.00	18.69
1895801.00	16.89
1896115.00	17.00
1896147.00	17.46
1896453.00	18.34
1896767.00	18.12
1896785.00	18.28
1897118.00	18.28
1897139.00	16.79
1897467.00	16.36
1897496.00	16.69
1897791.00	18.46
1897805.00	18.76
1898066.00	19.49
1898145.00	19.44
1898441.00	16.54
1898475.00	16.75
1898808.00	16.73
1898837.00	16.31
1899126.00	19.10
1899146.00	18.97
1899350.00	21.89
1899477.00	22.05
1899726.00	16.73
1899807.00	16.76
1900085.00	17.11
1900116.00	17.71
1900386.00	19.32
1900454.00	18.50
1900711.00	17.78
1900844.00	16.61
1901086.00	15.41
1901177.00	16.73
1901391.00	18.56
1901483.00	19.31
1901688.00	19.54
1901821.00	18.63
1901976.00	18.94
1902184.00	18.36
1902346.00	16.12
1902514.00	16.88
1902686.00	17.54
1902835.00	17.84
1902990.00	18.89
1903172.00	18.43
1903272.00	19.22
1903486.00	19.89
1903638.00	17.48
1903816.00	16.99
1903986.00	17.39
1904163.00	16.98
1904295.00	18.04
1904500.00	18.27
1904601.00	18.40
1904809.00	19.19
1904962.00	17.69
1905139.00	17.08
1905292.00	17.88
1905452.00	18.36
1905605.00	18.85
1905790.00	18.15
1905924.00	17.95
1906144.00	17.55
1906284.00	16.52
1906475.00	17.10
1906607.00	18.02
1906796.00	18.32
1906922.00	18.58
1907132.00	18.15
1907238.00	18.12
1907455.00	18.47
1907595.00	17.35
1907783.00	17.21
1907956.00	17.14
1908085.00	17.91
1908272.00	19.07
1908421.00	18.09
1908570.00	18.65
1908731.00	19.38
1908928.00	17.75
1909062.00	17.15
1909315.00	16.51
1909402.00	16.27
1909633.00	17.95
1909740.00	18.00
1909955.00	17.86
1910092.00	17.51
1910313.00	16.59
1910421.00	17.21
1910652.00	17.69
1910692.00	19.58
1910967.00	20.19
1911028.00	18.09
1911283.00	18.09
1911357.00	18.27
1911641.00	17.20
1911688.00	17.17
1911997.00	17.20
1911998.00	17.77
1912313.00	18.79
1912332.00	18.11
1912646.00	17.66
1912668.00	17.64
1912998.00	17.74
1913007.00	17.08
1913329.00	17.08
1913355.00	17.34
1913665.00	17.20
1913668.00	18.18
1913976.00	18.33
1913992.00	18.57
1914322.00	18.51
1914338.00	17.09
1914629.00	17.73
1914701.00	17.73
1914965.00	16.90
1915015.00	18.15
1915308.00	17.97
1915348.00	17.40
1915641.00	17.69
1915711.00	16.98
1915988.00	16.58
1916069.00	16.69
1916324.00	16.99
1916380.00	18.27
1916666.00	18.14
1916681.00	18.42
1916996.00	18.71
1917047.00	16.95
1917325.00	16.98
1917394.00	17.46
1917663.00	17.25
1917700.00	18.36
1917993.00	18.52
1918016.00	18.22
1918322.00	18.30
1918388.00	16.92
1918669.00	16.43
1918746.00	16.69
1919006.00	16.94
1919043.00	18.66
1919318.00	19.45
1919344.00	19.42
1919673.00	19.66
1919693.00	16.81
1920004.00	16.78
1920092.00	16.33
1920340.00	16.17
1920381.00	18.92
1920606.00	21.91
1920669.00	22.10
1920983.00	16.76
1920999.00	16.74
1921307.00	17.41
1921343.00	17.77
1921645.00	18.47
1921971.00	17.75
1922033.00	16.64
1922348.00	15.44
1922364.00	16.70
1922653.00	18.50
1922672.00	19.22
1922951.00	19.48
1923008.00	18.65
1923240.00	18.96
1923369.00	18.35
1923612.00	16.10
1923700.00	16.86
1923954.00	17.51
1924019.00	17.79
1924258.00	18.89
1924355.00	18.45
1924542.00	19.14
1924667.00	19.81
1924909.00	17.47
1924998.00	16.92
1925258.00	17.34
1925343.00	17.00
1925570.00	18.00
1925679.00	18.21
1925878.00	18.36
1925988.00	19.13
1926242.00	17.62
1926317.00	17.07
1926574.00	17.85
1926630.00	18.28
1926889.00	18.76
1926967.00	18.09
1927211.00	17.91
1927321.00	17.52
1927574.00	16.46
1927651.00	17.04
1927900.00	17.99
1927971.00	18.27
1928217.00	18.52
1928308.00	18.06
1928536.00	17.94
1928630.00	18.35
1928896.00	17.33
1928959.00	17.13
1929259.00	17.07
1929262.00	17.83
1929579.00	18.95
1929598.00	18.00
1929880.00	18.58
1929907.00	19.35
1930238.00	18.72
1930241.00	17.08
1930578.00	16.84
1930632.00	16.21
1930916.00	16.27
1930952.00	17.92
1931266.00	17.62
1931276.00	17.51
1931596.00	18.02
1931637.00	17.11
1931867.00	19.05
1931978.00	19.48
1932203.00	17.38
1932297.00	18.00
1932533.00	18.16
1932614.00	18.25
1932864.00	18.25
1932975.00	17.08
1933173.00	17.69
1933333.00	17.76
1933509.00	16.99
1933651.00	18.06
1933844.00	18.08
1933986.00	17.58
1934176.00	17.66
1934348.00	17.01
1934506.00	17.09
1934698.00	17.37
1934843.00	17.15
1935012.00	18.12
1935171.00	18.39
1935323.00	18.48
1935500.00	18.40
1935686.00	17.06
1935809.00	17.70
1936050.00	17.65
1936146.00	16.86
1936364.00	18.12
1936489.00	17.94
1936698.00	17.43
1936822.00	17.72
1937062.00	16.98
1937170.00	16.58
1937422.00	16.64
1937506.00	16.95
1937734.00	18.21
1937850.00	18.03
1938035.00	18.37
1938181.00	18.68
1938402.00	16.95
1938510.00	17.00
1938749.00	17.44
1938846.00	17.25
1939055.00	18.42
1939177.00	18.55
1939372.00	18.22
1939507.00	18.27
1939745.00	16.85
1939855.00	16.36
1940102.00	16.71
1940191.00	17.02
1940400.00	18.68
1940530.00	18.60
1940675.00	19.40
1940859.00	19.69
1941050.00	16.83
1941189.00	16.78
1941449.00	16.31
1941527.00	16.12
1941738.00	18.97
1941856.00	19.15
1941963.00	22.07
1942184.00	22.13
1942339.00	16.83
1942491.00	17.48
1942699.00	17.81
1942827.00	16.95
1943002.00	18.49
1943215.00	17.31
1943328.00	16.63
1943547.00	17.93
1943704.00	16.73
1943853.00	17.43
1944009.00	19.28
1944188.00	18.48
1944306.00	18.71
1944548.00	18.12
1944595.00	18.43
1944879.00	19.12
1944965.00	16.86
1945198.00	17.19
1945307.00	17.84
1945532.00	17.43
1945611.00	18.54
1945844.00	19.16
1945894.00	19.85
1946174.00	19.33
1946259.00	16.99
1946519.00	16.63
1946607.00	17.05
1946854.00	17.28
1946918.00	18.26
1947162.00	19.03
1947222.00	19.22
1947491.00	18.61
1947585.00	17.09
1947804.00	17.55
1947913.00	18.36
1948142.00	17.67
1948226.00	18.12
1948494.00	17.78
1948545.00	17.60
1948827.00	18.10
1948904.00	17.08
1949147.00	17.38
1949228.00	18.29
1949484.00	17.86
1949542.00	18.12
1949805.00	18.55
1949856.00	18.53
1950135.00	18.27
1950213.00	17.17
1950438.00	17.97
1950573.00	17.90
1950774.00	16.95
1950888.00	18.12
1951085.00	18.82
1951185.00	19.42
1951415.00	18.88
1951541.00	17.17
1951757.00	16.86
1951926.00	16.28
1952096.00	16.36
1952241.00	18.01
1952449.00	17.69
1952560.00	17.60
1952778.00	18.21
1952915.00	17.30
1953050.00	19.15
1953251.00	19.57
1953386.00	17.51
1953565.00	18.18
1953716.00	18.36
1953876.00	18.42
1954046.00	18.40
1954231.00	17.24
1954357.00	17.82
1954582.00	17.92
1954693.00	17.18
1954895.00	18.21
1955029.00	18.21
1955223.00	17.77
1955361.00	17.90
1955577.00	17.19
1955692.00	17.17
1955920.00	17.46
1956029.00	17.33
1956229.00	18.30
1956358.00	18.51
1956532.00	18.64
1956689.00	18.61
1956887.00	17.22
1956997.00	17.86
1957243.00	17.86
1957336.00	16.98
1957550.00	18.25
1957681.00	18.12
1957877.00	17.57
1958015.00	17.80
1958233.00	17.09
1958364.00	16.74
1958585.00	16.81
1958702.00	17.08
1958887.00	18.43
1959046.00	18.31
1959181.00	18.60
1959377.00	18.92
1959539.00	17.12
1959708.00	17.12
1959877.00	17.64
1960046.00	17.45
1960177.00	18.53
1960378.00	18.72
1960485.00	18.43
1960708.00	18.43
1960846.00	17.06
1961059.00	16.55
1961196.00	16.81
1961397.00	17.13
1961485.00	18.90
1961736.00	18.88
1961753.00	19.72
1962066.00	19.96
1962119.00	16.99
1962398.00	16.94
1962508.00	16.44
1962736.00	16.29
1962788.00	19.20
1963006.00	22.22
1963067.00	22.41
1963374.00	16.92
1963397.00	16.98
1963704.00	17.59
1963724.00	17.98
1964018.00	19.55
1964043.00	18.67
1964334.00	18.01
1964432.00	16.89
1964701.00	15.62
1964764.00	16.95
1964997.00	18.85
1965070.00	19.58
1965287.00	19.78
1965408.00	18.87
1965568.00	19.23
1965769.00	18.68
1965928.00	16.34
1966100.00	17.08
1966260.00	17.77
1966420.00	18.10
1966558.00	19.15
1966755.00	18.71
1966833.00	19.50
1967068.00	20.15
1967188.00	17.71
1967398.00	17.23
1967528.00	17.61
1967742.00	17.20
1967831.00	18.29
1968078.00	18.52
1968128.00	18.68
1968387.00	19.45
1968481.00	17.87
1968718.00	17.24
1968804.00	18.02
1969030.00	18.56
1969109.00	19.13
1969369.00	18.38
1969420.00	18.16
1969721.00	17.84
1969773.00	16.73
1970053.00	17.27
1970089.00	18.25
1970373.00	18.53
1970396.00	18.74
1970705.00	18.74
1970710.00	18.30
1971031.00	18.74
1971054.00	17.59
1971361.00	17.34
1971406.00	17.29
1971664.00	18.09
1971717.00	19.22
1972001.00	18.24
1972008.00	18.83
1972312.00	19.56
1972358.00	17.91
1972644.00	17.34
1972736.00	16.67
1972987.00	16.38
1973049.00	18.05
1973326.00	18.10
1973362.00	18.04
1973679.00	17.72
1973713.00	16.76
1974010.00	17.31
1974045.00	17.74
1974282.00	19.67
1974354.00	20.36
1974622.00	18.19
1974662.00	18.26
1974954.00	18.49
1975013.00	17.31
1975287.00	17.23
1975362.00	17.26
1975599.00	17.88
1975670.00	19.00
1975940.00	18.20
1975998.00	17.62
1976278.00	17.69
1976350.00	17.08
1976612.00	17.19
1976691.00	17.46
1976946.00	17.48
1976998.00	18.44
1977287.00	18.26
1977303.00	18.32
1977618.00	18.53
1977656.00	17.21
1977951.00	17.21
1978012.00	17.17
1978262.00	17.77
1978320.00	19.00
1978603.00	18.19
1978647.00	17.67
1978950.00	17.47
1979004.00	16.74
1979288.00	16.99
1979356.00	17.06
1979640.00	16.73
1979661.00	18.05
1979956.00	18.41
1979981.00	18.68
1980317.00	16.80
1980327.00	16.62
1980658.00	17.15
1980662.00	17.45
1980959.00	18.61
1980995.00	18.69
1981270.00	18.31
1981337.00	18.08
1981637.00	16.68
1981671.00	16.87
1981989.00	17.19
1982004.00	17.21
1982281.00	18.90
1982357.00	18.40
1982553.00	19.21
1982698.00	19.51
1982923.00	16.58
1983041.00	16.55
1983317.00	16.11
1983374.00	16.31
1983602.00	19.15
1983709.00	19.13
1983823.00	22.12
1984050.00	21.96
1984196.00	16.55
1984384.00	16.74
1984551.00	17.09
1984717.00	17.12
1984851.00	18.66
1985028.00	19.29
1985171.00	18.70
1985369.00	17.87
1985544.00	16.53
1985761.00	15.43
1985846.00	17.32
1986095.00	18.60
1986139.00	18.87
1986405.00	19.55
1986426.00	19.80
1986744.00	18.99
1986792.00	16.71
1987108.00	16.12
1987130.00	16.81
1987432.00	17.84
1987441.00	18.62
1987712.00	19.39
1987763.00	19.64
1988075.00	17.23
1988101.00	16.83
1988415.00	17.49
1988420.00	17.94
1988728.00	18.91
1988746.00	18.43
1989030.00	18.65
1989093.00	18.24
1989390.00	16.67
1989430.00	16.92
1989717.00	17.75
1989739.00	18.54
1990027.00	19.03
1990069.00	18.43
1990344.00	18.22
1990383.00	18.67
1990702.00	17.63
1990721.00	16.96
1991023.00	17.86
1991073.00	17.51
1991335.00	17.81
1991404.00	18.36
1991649.00	18.30
1991723.00	18.58
1992004.00	17.52
1992059.00	17.09
1992361.00	17.02
1992379.00	17.48
1992675.00	18.61
1992707.00	18.39
1992972.00	18.96
1993008.00	19.73
1993325.00	18.10
1993342.00	17.11
1993651.00	17.85
1993710.00	17.20
1993979.00	16.65
1994024.00	18.33
1994319.00	18.01
1994342.00	17.92
1994654.00	18.05
1994695.00	17.14
1995004.00	16.78
1995030.00	17.23
1995330.00	17.83
1995342.00	18.47
1995598.00	20.39
1995654.00	20.42
1995933.00	18.26
1996007.00	17.11
1996259.00	17.35
1996358.00	17.43
1996588.00	17.34
1996671.00	18.39
1996896.00	19.03
1996998.00	18.57
1997229.00	17.80
1997353.00	17.11
1997561.00	17.19
1997695.00	17.51
1997890.00	17.54
1998002.00	18.52
1998217.00	18.60
1998307.00	18.66
1998551.00	18.50
1998662.00	17.16
1998876.00	17.38
1999017.00	17.36
1999204.00	17.30
1999326.00	18.57
1999508.00	19.22
1999653.00	18.69
1999843.00	17.85
