304004.00	0.00
304504.00	0.00
305004.00	0.00
305504.00	0.00
306004.00	0.00
306504.00	0.00
307004.00	0.00
307504.00	0.00
308004.00	0.00
308504.00	0.00
309004.00	0.00
309504.00	0.00
310004.00	0.00
310504.00	0.00
311004.00	0.00
311504.00	0.00
312004.00	0.00
312504.00	0.00
313004.00	0.00
313504.00	0.00
314004.00	0.00
314504.00	0.00
315004.00	0.00
315504.00	0.00
316004.00	0.00
316504.00	0.00
317004.00	0.00
317504.00	0.00
318004.00	0.00
318504.00	0.00
319004.00	0.00
319504.00	0.00
320004.00	0.00
320504.00	0.00
321004.00	0.00
321504.00	0.00
322004.00	0.00
322504.00	0.00
323004.00	0.00
323504.00	0.00
324004.00	0.00
324504.00	0.00
325004.00	0.00
325504.00	0.00
326004.00	0.00
326504.00	0.00
327004.00	0.00
327504.00	0.00
328004.00	0.00
328504.00	0.00
329004.00	0.00
329504.00	0.00
330004.00	0.00
330504.00	0.00
331004.00	0.00
331504.00	0.00
332004.00	0.00
332504.00	0.00
333004.00	0.00
333504.00	0.00
334004.00	0.00
334504.00	0.00
335004.00	0.00
335504.00	0.00
336004.00	0.00
336504.00	0.00
337004.00	0.00
337504.00	0.00
338004.00	0.00
338504.00	0.00
339004.00	0.00
339504.00	0.00
340004.00	0.00
340504.00	0.00
341004.00	0.00
341504.00	0.00
342004.00	0.00
342504.00	0.00
343004.00	0.00
343504.00	0.00
344004.00	0.00
344504.00	0.00
345004.00	0.00
345504.00	0.00
346004.00	0.00
346504.00	0.00
347004.00	0.00
347504.00	0.00
348004.00	0.00
348504.00	0.00
349004.00	0.00
349504.00	0.00
350004.00	0.00
350504.00	0.00
351004.00	0.00
351504.00	0.00
352004.00	0.00
352504.00	0.00
353004.00	0.00
353504.00	0.00
354004.00	0.00
354504.00	0.00
355004.00	0.00
355504.00	0.00
356004.00	0.00
356504.00	0.00
357004.00	0.00
357504.00	0.00
358004.00	0.00
358504.00	0.00
359004.00	0.00
359504.00	0.00
360004.00	0.00
360504.00	0.00
361004.00	0.00
361504.00	0.00
362004.00	0.00
362504.00	0.00
363004.00	0.00
363504.00	0.00
364004.00	0.00
364504.00	0.00
365004.00	0.00
365504.00	0.00
366004.00	0.00
366504.00	0.00
367004.00	0.00
367504.00	0.00
368004.00	0.00
368504.00	0.00
369004.00	0.00
369504.00	0.00
370004.00	0.00
370504.00	0.00
371004.00	0.00
371504.00	0.00
372004.00	0.00
372504.00	0.00
373004.00	0.00
373504.00	0.00
374004.00	0.00
374504.00	0.00
375004.00	0.00
375504.00	0.00
376004.00	0.00
376504.00	0.00
377004.00	0.00
377504.00	0.00
378004.00	0.00
378504.00	0.00
379004.00	0.00
379504.00	0.00
380004.00	0.00
380504.00	0.00
381004.00	0.00
381504.00	0.00
382004.00	0.00
382504.00	0.00
383004.00	0.00
383504.00	0.00
384004.00	0.00
384504.00	0.00
385004.00	0.00
385504.00	0.00
386004.00	0.00
386504.00	0.00
387004.00	0.00
387504.00	0.00
388004.00	0.00
388504.00	0.00
389004.00	0.00
389504.00	0.00
390004.00	0.00
390504.00	0.00
391004.00	0.00
391504.00	0.00
392004.00	0.00
392504.00	0.00
393004.00	0.00
393504.00	0.00
394004.00	0.00
394504.00	0.00
395004.00	0.00
395504.00	0.00
396004.00	0.00
396504.00	0.00
397004.00	0.00
397504.00	0.00
398004.00	0.00
398504.00	0.00
399004.00	0.00
399504.00	0.00
400004.00	0.00
400504.00	0.00
401004.00	0.00
401504.00	0.00
402004.00	0.00
402504.00	0.00
403004.00	0.00
403504.00	0.00
404004.00	0.00
404504.00	0.00
405004.00	0.00
405504.00	0.00
406004.00	0.00
406504.00	0.00
407004.00	0.00
407504.00	0.00
408004.00	0.00
408504.00	0.00
409004.00	0.00
409504.00	0.00
410004.00	0.00
410504.00	0.00
411004.00	0.00
411504.00	0.00
412004.00	0.00
412504.00	0.00
413004.00	0.00
413504.00	0.00
414004.00	0.00
414504.00	0.00
415004.00	0.00
415504.00	0.00
416004.00	0.00
416504.00	0.00
417004.00	0.00
417504.00	0.00
418004.00	0.00
418504.00	0.00
419004.00	0.00
419504.00	0.00
420004.00	0.00
420504.00	0.00
421004.00	0.00
421504.00	0.00
422004.00	0.00
422504.00	0.00
423004.00	0.00
423504.00	0.00
424004.00	0.00
424504.00	0.00
425004.00	0.00
425504.00	0.00
426004.00	0.00
426504.00	0.00
427004.00	0.00
427504.00	0.00
428004.00	0.00
428504.00	0.00
429004.00	0.00
429504.00	0.00
430004.00	0.00
430504.00	0.00
431004.00	0.00
431504.00	0.00
432004.00	0.00
432504.00	0.00
433004.00	0.00
433504.00	0.00
434004.00	0.00
434504.00	0.00
435004.00	0.00
435504.00	0.00
436004.00	0.00
436504.00	0.00
437004.00	0.00
437504.00	0.00
438004.00	0.00
438504.00	0.00
439004.00	0.00
439504.00	0.00
440004.00	0.00
440504.00	0.00
441004.00	0.00
441504.00	0.00
442004.00	0.00
442504.00	0.00
443004.00	0.00
443504.00	0.00
444004.00	0.00
444504.00	0.00
445004.00	0.00
445504.00	0.00
446004.00	0.00
446504.00	0.00
447004.00	0.00
447504.00	0.00
448004.00	0.00
448504.00	0.00
449004.00	0.00
449504.00	0.00
450004.00	0.00
450504.00	0.00
451004.00	0.00
451504.00	0.00
452004.00	0.00
452504.00	0.00
453004.00	0.00
453504.00	0.00
454004.00	0.00
454504.00	0.00
455004.00	0.00
455504.00	0.00
456004.00	0.00
456504.00	0.00
457004.00	0.00
457504.00	0.00
458004.00	0.00
458504.00	0.00
459004.00	0.00
459504.00	0.00
460004.00	0.00
460504.00	0.00
461004.00	0.00
461504.00	0.00
462004.00	0.00
462504.00	0.00
463004.00	0.00
463504.00	0.00
464004.00	0.00
464504.00	0.00
465004.00	0.00
465504.00	0.00
466004.00	0.00
466504.00	0.00
467004.00	0.00
467504.00	0.00
468004.00	0.00
468504.00	0.00
469004.00	0.00
469504.00	0.00
470004.00	0.00
470504.00	0.00
471004.00	0.00
471504.00	0.00
472004.00	0.00
472504.00	0.00
473004.00	0.00
473504.00	0.00
474004.00	0.00
474504.00	0.00
475004.00	0.00
475504.00	0.00
476004.00	0.00
476504.00	0.00
477004.00	0.00
477504.00	0.00
478004.00	0.00
478504.00	0.00
479004.00	0.00
479504.00	0.00
480004.00	0.00
480504.00	0.00
481004.00	0.00
481504.00	0.00
482004.00	0.00
482504.00	0.00
483004.00	0.00
483504.00	0.00
484004.00	0.00
484504.00	0.00
485004.00	0.00
485504.00	0.00
486004.00	0.00
486504.00	0.00
487004.00	0.00
487504.00	0.00
488004.00	0.00
488504.00	0.00
489004.00	0.00
489504.00	0.00
490004.00	0.00
490504.00	0.00
491005.00	0.00
491504.00	0.00
492005.00	0.00
492504.00	0.00
493004.00	0.00
493504.00	0.00
494004.00	0.00
494504.00	0.00
495004.00	0.00
495504.00	0.00
496004.00	0.00
496504.00	0.00
497004.00	0.00
497504.00	0.00
498004.00	0.00
498504.00	0.00
499004.00	0.00
499504.00	0.00
500004.00	0.00
500504.00	0.00
501004.00	0.00
501504.00	0.00
502004.00	0.00
502504.00	0.00
503004.00	0.00
503504.00	0.00
504004.00	0.00
504504.00	0.00
505004.00	0.00
505504.00	0.00
506004.00	0.00
506504.00	0.00
507004.00	0.00
507504.00	0.00
508004.00	0.00
508504.00	0.00
509004.00	0.00
509504.00	0.00
510004.00	0.00
510504.00	0.00
511004.00	0.00
511504.00	0.00
512004.00	0.00
512504.00	0.00
513004.00	0.00
513504.00	0.00
514004.00	0.00
514504.00	0.00
515004.00	0.00
515504.00	0.00
516004.00	0.00
516504.00	0.00
517004.00	0.00
517504.00	0.00
518004.00	0.00
518504.00	0.00
519004.00	0.00
519504.00	0.00
520004.00	0.00
520504.00	0.00
521004.00	0.00
521504.00	0.00
522004.00	0.00
522504.00	0.00
523004.00	0.00
523504.00	0.00
524004.00	0.00
524504.00	0.00
525004.00	0.00
525505.00	0.00
526004.00	0.00
526504.00	0.00
527004.00	0.00
527504.00	0.00
528004.00	0.00
528504.00	0.00
529004.00	0.00
529504.00	0.00
530004.00	0.00
530504.00	0.00
531004.00	0.00
531504.00	0.00
532004.00	0.00
532504.00	0.00
533004.00	0.00
533504.00	0.00
534004.00	0.00
534504.00	0.00
535004.00	0.00
535504.00	0.00
536004.00	0.00
536504.00	0.00
537004.00	0.00
537504.00	0.00
538004.00	0.00
538504.00	0.00
539004.00	0.00
539504.00	0.00
540004.00	0.00
540504.00	0.00
541004.00	0.00
541504.00	0.00
542004.00	0.00
542504.00	0.00
543004.00	0.00
543504.00	0.00
544004.00	0.00
544504.00	0.00
545004.00	0.00
545504.00	0.00
546004.00	0.00
546504.00	0.00
547004.00	0.00
547504.00	0.00
548004.00	0.00
548504.00	0.00
549004.00	0.00
549504.00	0.00
550004.00	0.00
550504.00	0.00
551004.00	0.00
551504.00	0.00
552004.00	0.00
552504.00	0.00
553004.00	0.00
553504.00	0.00
554004.00	0.00
554504.00	0.00
555004.00	0.00
555504.00	0.00
556004.00	0.00
556504.00	0.00
557004.00	0.00
557504.00	0.00
558004.00	0.00
558504.00	0.00
559004.00	0.00
559504.00	0.00
560004.00	0.00
560504.00	0.00
561004.00	0.00
561504.00	0.00
562004.00	0.00
562504.00	0.00
563004.00	0.00
563504.00	0.00
564004.00	0.00
564504.00	0.00
565004.00	0.00
565504.00	0.00
566004.00	0.00
566504.00	0.00
567004.00	0.00
567504.00	0.00
568004.00	0.00
568504.00	0.00
569004.00	0.00
569504.00	0.00
570004.00	0.00
570504.00	0.00
571004.00	0.00
571504.00	0.00
572004.00	0.00
572504.00	0.00
573004.00	0.00
573504.00	0.00
574004.00	0.00
574504.00	0.00
575004.00	0.00
575504.00	0.00
576004.00	0.00
576504.00	0.00
577004.00	0.00
577504.00	0.00
578004.00	0.00
578504.00	0.00
579004.00	0.00
579504.00	0.00
580004.00	0.00
580504.00	0.00
581004.00	0.00
581504.00	0.00
582004.00	0.00
582504.00	0.00
583004.00	0.00
583504.00	0.00
584004.00	0.00
584504.00	0.00
585004.00	0.00
585504.00	0.00
586004.00	0.00
586504.00	0.00
587004.00	0.00
587504.00	0.00
588004.00	0.00
588504.00	0.00
589004.00	0.00
589504.00	0.00
590004.00	0.00
590504.00	0.00
591004.00	0.00
591504.00	0.00
592004.00	0.00
592504.00	0.00
593004.00	0.00
593504.00	0.00
594004.00	0.00
594504.00	0.00
595004.00	0.00
595504.00	0.00
596004.00	0.00
596504.00	0.00
597004.00	0.00
597504.00	0.00
598004.00	0.00
598504.00	0.00
599004.00	0.00
599504.00	0.00
600004.00	0.00
600504.00	0.00
601004.00	0.00
601504.00	0.00
602004.00	0.00
602504.00	0.00
603004.00	0.00
603504.00	0.00
604004.00	0.00
604504.00	0.00
605004.00	0.00
605504.00	0.00
606004.00	0.00
606504.00	0.00
607004.00	0.00
607504.00	0.00
608004.00	0.00
608504.00	0.00
609004.00	0.00
609504.00	0.00
610004.00	0.00
610504.00	0.00
611004.00	0.00
611504.00	0.00
612004.00	0.00
612504.00	0.00
613004.00	0.00
613504.00	0.00
614004.00	0.00
614504.00	0.00
615004.00	0.00
615504.00	0.00
616004.00	0.00
616504.00	0.00
617004.00	0.00
617504.00	0.00
618004.00	0.00
618504.00	0.00
619004.00	0.00
619504.00	0.00
620004.00	0.00
620504.00	0.00
621004.00	0.00
621504.00	0.00
622004.00	0.00
622504.00	0.00
623004.00	0.00
623504.00	0.00
624004.00	0.00
624504.00	0.00
625004.00	0.00
625504.00	0.00
626004.00	0.00
626504.00	0.00
627004.00	0.00
627504.00	0.00
628004.00	0.00
628504.00	0.00
629004.00	0.00
629504.00	0.00
630004.00	0.00
630504.00	0.00
631004.00	0.00
631504.00	0.00
632004.00	0.00
632504.00	0.00
633004.00	0.00
633504.00	0.00
634004.00	0.00
634504.00	0.00
635004.00	0.00
635504.00	0.00
636004.00	0.00
636504.00	0.00
637004.00	0.00
637504.00	0.00
638004.00	0.00
638504.00	0.00
639004.00	0.00
639504.00	0.00
640004.00	0.00
640504.00	0.00
641004.00	0.00
641504.00	0.00
642004.00	0.00
642504.00	0.00
643004.00	0.00
643504.00	0.00
644004.00	0.00
644504.00	0.00
645004.00	0.00
645504.00	0.00
646004.00	0.00
646504.00	0.00
647004.00	0.00
647504.00	0.00
648004.00	0.00
648504.00	0.00
649004.00	0.00
649504.00	0.00
650004.00	0.00
650504.00	0.00
651004.00	0.00
651504.00	0.00
652004.00	0.00
652504.00	0.00
653004.00	0.00
653504.00	0.00
654004.00	0.00
654504.00	0.00
655004.00	0.00
655504.00	0.00
656004.00	0.00
656504.00	0.00
657004.00	0.00
657504.00	0.00
658004.00	0.00
658504.00	0.00
659004.00	0.00
659504.00	0.00
660004.00	0.00
660504.00	0.00
661004.00	0.00
661504.00	0.00
662004.00	0.00
662504.00	0.00
663004.00	0.00
663504.00	0.00
664004.00	0.00
664504.00	0.00
665004.00	0.00
665504.00	0.00
666004.00	0.00
666504.00	0.00
667004.00	0.00
667504.00	0.00
668004.00	0.00
668504.00	0.00
669004.00	0.00
669504.00	0.00
670004.00	0.00
670504.00	0.00
671004.00	0.00
671504.00	0.00
672004.00	0.00
672504.00	0.00
673004.00	0.00
673504.00	0.00
674004.00	0.00
674504.00	0.00
675004.00	0.00
675504.00	0.00
676004.00	0.00
676504.00	0.00
677004.00	0.00
677504.00	0.00
678004.00	0.00
678504.00	0.00
679004.00	0.00
679504.00	0.00
680004.00	0.00
680504.00	0.00
681004.00	0.00
681504.00	0.00
682004.00	0.00
682504.00	0.00
683004.00	0.00
683504.00	0.00
684004.00	0.00
684504.00	0.00
685004.00	0.00
685504.00	0.00
686004.00	0.00
686504.00	0.00
687004.00	0.00
687504.00	0.00
688004.00	0.00
688504.00	0.00
689004.00	0.00
689504.00	0.00
690004.00	0.00
690504.00	0.00
691004.00	0.00
691504.00	0.00
692004.00	0.00
692504.00	0.00
693004.00	0.00
693504.00	0.00
694004.00	0.00
694504.00	0.00
695004.00	0.00
695504.00	0.00
696004.00	0.00
696504.00	0.00
697004.00	0.00
697504.00	0.00
698004.00	0.00
698504.00	0.00
699004.00	0.00
699504.00	0.00
700004.00	0.00
700504.00	0.00
701004.00	0.00
701504.00	0.00
702004.00	0.00
702504.00	0.00
703004.00	0.00
703504.00	0.00
704004.00	0.00
704504.00	0.00
705004.00	0.00
705504.00	0.00
706004.00	0.00
706504.00	0.00
707004.00	0.00
707504.00	0.00
708004.00	0.00
708504.00	0.00
709004.00	0.00
709504.00	0.00
710004.00	0.00
710504.00	0.00
711004.00	0.00
711504.00	0.00
712004.00	0.00
712504.00	0.00
713004.00	0.00
713504.00	0.00
714004.00	0.00
714504.00	0.00
715004.00	0.00
715504.00	0.00
716004.00	0.00
716504.00	0.00
717004.00	0.00
717504.00	0.00
718004.00	0.00
718504.00	0.00
719004.00	0.00
719504.00	0.00
720004.00	0.00
720504.00	0.00
721004.00	0.00
721504.00	0.00
722004.00	0.00
722504.00	0.00
723004.00	0.00
723504.00	0.00
724004.00	0.00
724504.00	0.00
725004.00	0.00
725504.00	0.00
726004.00	0.00
726504.00	0.00
727004.00	0.00
727504.00	0.00
728004.00	0.00
728504.00	0.00
729004.00	0.00
729504.00	0.00
730004.00	0.00
730504.00	0.00
731004.00	0.00
731504.00	0.00
732004.00	0.00
732504.00	0.00
733004.00	0.00
733504.00	0.00
734004.00	0.00
734504.00	0.00
735004.00	0.00
735504.00	0.00
736004.00	0.00
736504.00	0.00
737004.00	0.00
737504.00	0.00
738004.00	0.00
738504.00	0.00
739004.00	0.00
739504.00	0.00
740004.00	0.00
740504.00	0.00
741004.00	0.00
741504.00	0.00
742004.00	0.00
742504.00	0.00
743004.00	0.00
743504.00	0.00
744004.00	0.00
744504.00	0.00
745004.00	0.00
745504.00	0.00
746004.00	0.00
746504.00	0.00
747004.00	0.00
747504.00	0.00
748004.00	0.00
748504.00	0.00
749004.00	0.00
749504.00	0.00
750004.00	0.00
750504.00	0.00
751004.00	0.00
751504.00	0.00
752004.00	0.00
752504.00	0.00
753004.00	0.00
753504.00	0.00
754004.00	0.00
754504.00	0.00
755004.00	0.00
755504.00	0.00
756004.00	0.00
756504.00	0.00
757004.00	0.00
757504.00	0.00
758004.00	0.00
758504.00	0.00
759004.00	0.00
759504.00	0.00
760004.00	0.00
760504.00	0.00
761004.00	0.00
761504.00	0.00
762004.00	0.00
762504.00	0.00
763004.00	0.00
763504.00	0.00
764004.00	0.00
764504.00	0.00
765004.00	0.00
765504.00	0.00
766004.00	0.00
766504.00	0.00
767004.00	0.00
767504.00	0.00
768004.00	0.00
768504.00	0.00
769004.00	0.00
769504.00	0.00
770004.00	0.00
770504.00	0.00
771004.00	0.00
771504.00	0.00
772004.00	0.00
772504.00	0.00
773004.00	0.00
773504.00	0.00
774004.00	0.00
774504.00	0.00
775004.00	0.00
775504.00	0.00
776004.00	0.00
776504.00	0.00
777004.00	0.00
777504.00	0.00
778004.00	0.00
778504.00	0.00
779004.00	0.00
779504.00	0.00
780004.00	0.00
780504.00	0.00
781004.00	0.00
781504.00	0.00
782004.00	0.00
782504.00	0.00
783004.00	0.00
783504.00	0.00
784004.00	0.00
784504.00	0.00
785004.00	0.00
785504.00	0.00
786004.00	0.00
786504.00	0.00
787004.00	0.00
787504.00	0.00
788004.00	0.00
788504.00	0.00
789004.00	0.00
789504.00	0.00
790004.00	0.00
790504.00	0.00
791004.00	0.00
791504.00	0.00
792004.00	0.00
792504.00	0.00
793004.00	0.00
793504.00	0.00
794004.00	0.00
794504.00	0.00
795004.00	0.00
795504.00	0.00
796004.00	0.00
796504.00	0.00
797004.00	0.00
797504.00	0.00
798004.00	0.00
798504.00	0.00
799004.00	0.00
799504.00	0.00
800004.00	0.00
800504.00	0.00
801004.00	0.00
801504.00	0.00
802004.00	0.00
802504.00	0.00
803004.00	0.00
803504.00	0.00
804004.00	0.00
804504.00	0.00
805004.00	0.00
805504.00	0.00
806004.00	0.00
806504.00	0.00
807004.00	0.00
807504.00	0.00
808004.00	0.00
808504.00	0.00
809004.00	0.00
809504.00	0.00
810004.00	0.00
810504.00	0.00
811004.00	0.00
811504.00	0.00
812004.00	0.00
812504.00	0.00
813004.00	0.00
813504.00	0.00
814004.00	0.00
814504.00	0.00
815004.00	0.00
815504.00	0.00
816004.00	0.00
816504.00	0.00
817004.00	0.00
817504.00	0.00
818004.00	0.00
818504.00	0.00
819004.00	0.00
819504.00	0.00
820004.00	0.00
820504.00	0.00
821004.00	0.00
821504.00	0.00
822004.00	0.00
822504.00	0.00
823004.00	0.00
823504.00	0.00
824004.00	0.00
824504.00	0.00
825004.00	0.00
825504.00	0.00
826004.00	0.00
826504.00	0.00
827004.00	0.00
827504.00	0.00
828004.00	0.00
828504.00	0.00
829004.00	0.00
829504.00	0.00
830004.00	0.00
830504.00	0.00
831004.00	0.00
831504.00	0.00
832004.00	0.00
832504.00	0.00
833004.00	0.00
833504.00	0.00
834004.00	0.00
834504.00	0.00
835004.00	0.00
835504.00	0.00
836004.00	0.00
836504.00	0.00
837004.00	0.00
837504.00	0.00
838004.00	0.00
838504.00	0.00
839004.00	0.00
839504.00	0.00
840004.00	0.00
840504.00	0.00
841004.00	0.00
841504.00	0.00
842004.00	0.00
842504.00	0.00
843004.00	0.00
843504.00	0.00
844004.00	0.00
844504.00	0.00
845004.00	0.00
845504.00	0.00
846004.00	0.00
846504.00	0.00
847004.00	0.00
847504.00	0.00
848004.00	0.00
848504.00	0.00
849004.00	0.00
849504.00	0.00
850004.00	0.00
850504.00	0.00
851004.00	0.00
851504.00	0.00
852004.00	0.00
852504.00	0.00
853004.00	0.00
853504.00	0.00
854004.00	0.00
854504.00	0.00
855004.00	0.00
855504.00	0.00
856004.00	0.00
856504.00	0.00
857004.00	0.00
857504.00	0.00
858004.00	0.00
858504.00	0.00
859004.00	0.00
859504.00	0.00
860004.00	0.00
860504.00	0.00
861004.00	0.00
861504.00	0.00
862004.00	0.00
862504.00	0.00
863004.00	0.00
863504.00	0.00
864004.00	0.00
864504.00	0.00
865004.00	0.00
865504.00	0.00
866004.00	0.00
866504.00	0.00
867004.00	0.00
867504.00	0.00
868004.00	0.00
868504.00	0.00
869004.00	0.00
869504.00	0.00
870004.00	0.00
870504.00	0.00
871004.00	0.00
871504.00	0.00
872004.00	0.00
872504.00	0.00
873004.00	0.00
873504.00	0.00
874004.00	0.00
874504.00	0.00
875004.00	0.00
875504.00	0.00
876004.00	0.00
876504.00	0.00
877004.00	0.00
877504.00	0.00
878004.00	0.00
878504.00	0.00
879004.00	0.00
879504.00	0.00
880004.00	0.00
880504.00	0.00
881004.00	0.00
881504.00	0.00
882004.00	0.00
882504.00	0.00
883004.00	0.00
883504.00	0.00
884004.00	0.00
884504.00	0.00
885004.00	0.00
885504.00	0.00
886004.00	0.00
886504.00	0.00
887004.00	0.00
887504.00	0.00
888004.00	0.00
888504.00	0.00
889004.00	0.00
889504.00	0.00
890004.00	0.00
890504.00	0.00
891004.00	0.00
891504.00	0.00
892004.00	0.00
892504.00	0.00
893004.00	0.00
893504.00	0.00
894004.00	0.00
894504.00	0.00
895004.00	0.00
895504.00	0.00
896004.00	0.00
896504.00	0.00
897004.00	0.00
897504.00	0.00
898004.00	0.00
898504.00	0.00
899004.00	0.00
899504.00	0.00
900004.00	0.00
900504.00	0.00
901004.00	0.00
901504.00	0.00
902004.00	0.00
902504.00	0.00
903004.00	0.00
903504.00	0.00
904004.00	0.00
904504.00	0.00
905004.00	0.00
905504.00	0.00
906004.00	0.00
906504.00	0.00
907004.00	0.00
907504.00	0.00
908004.00	0.00
908504.00	0.00
909004.00	0.00
909504.00	0.00
910004.00	0.00
910504.00	0.00
911004.00	0.00
911504.00	0.00
912004.00	0.00
912504.00	0.00
913004.00	0.00
913504.00	0.00
914004.00	0.00
914504.00	0.00
915004.00	0.00
915504.00	0.00
916004.00	0.00
916504.00	0.00
917004.00	0.00
917504.00	0.00
918004.00	0.00
918504.00	0.00
919004.00	0.00
919504.00	0.00
920004.00	0.00
920504.00	0.00
921004.00	0.00
921504.00	0.00
922004.00	0.00
922504.00	0.00
923004.00	0.00
923504.00	0.00
924004.00	0.00
924504.00	0.00
925004.00	0.00
925504.00	0.00
926004.00	0.00
926504.00	0.00
927004.00	0.00
927504.00	0.00
928004.00	0.00
928504.00	0.00
929004.00	0.00
929504.00	0.00
930004.00	0.00
930504.00	0.00
931004.00	0.00
931504.00	0.00
932004.00	0.00
932504.00	0.00
933004.00	0.00
933504.00	0.00
934004.00	0.00
934504.00	0.00
935004.00	0.00
935504.00	0.00
936004.00	0.00
936504.00	0.00
937004.00	0.00
937504.00	0.00
938004.00	0.00
938504.00	0.00
939004.00	0.00
939504.00	0.00
940004.00	0.00
940504.00	0.00
941004.00	0.00
941504.00	0.00
942004.00	0.00
942504.00	0.00
943004.00	0.00
943504.00	0.00
944004.00	0.00
944504.00	0.00
945004.00	0.00
945504.00	0.00
946004.00	0.00
946504.00	0.00
947004.00	0.00
947504.00	0.00
948004.00	0.00
948504.00	0.00
949004.00	0.00
949504.00	0.00
950004.00	0.00
950504.00	0.00
951004.00	0.00
951504.00	0.00
952004.00	0.00
952504.00	0.00
953004.00	0.00
953504.00	0.00
954004.00	0.00
954504.00	0.00
955004.00	0.00
955504.00	0.00
956004.00	0.00
956504.00	0.00
957004.00	0.00
957504.00	0.00
958004.00	0.00
958504.00	0.00
959004.00	0.00
959504.00	0.00
960004.00	0.00
960504.00	0.00
961004.00	0.00
961504.00	0.00
962004.00	0.00
962504.00	0.00
963004.00	0.00
963504.00	0.00
964004.00	0.00
964504.00	0.00
965004.00	0.00
965504.00	0.00
966004.00	0.00
966504.00	0.00
967004.00	0.00
967504.00	0.00
968004.00	0.00
968504.00	0.00
969004.00	0.00
969504.00	0.00
970004.00	0.00
970504.00	0.00
971004.00	0.00
971504.00	0.00
972004.00	0.00
972504.00	0.00
973004.00	0.00
973504.00	0.00
974004.00	0.00
974504.00	0.00
975004.00	0.00
975504.00	0.00
976004.00	0.00
976504.00	0.00
977004.00	0.00
977504.00	0.00
978004.00	0.00
978504.00	0.00
979004.00	0.00
979504.00	0.00
980004.00	0.00
980504.00	0.00
981004.00	0.00
981504.00	0.00
982004.00	0.00
982504.00	0.00
983004.00	0.00
983504.00	0.00
984004.00	0.00
984504.00	0.00
985004.00	0.00
985504.00	0.00
986004.00	0.00
986504.00	0.00
987004.00	0.00
987504.00	0.00
988004.00	0.00
988504.00	0.00
989004.00	0.00
989504.00	0.00
990004.00	0.00
990504.00	0.00
991004.00	0.00
991504.00	0.00
992004.00	0.00
992504.00	0.00
993004.00	0.00
993504.00	0.00
994004.00	0.00
994504.00	0.00
995004.00	0.00
995504.00	0.00
996004.00	0.00
996504.00	0.00
997004.00	0.00
997504.00	0.00
998004.00	0.00
998504.00	0.00
999004.00	0.00
999504.00	0.00
1000005.00	0.00
1000505.00	0.00
1001005.00	0.00
1001505.00	0.00
1002005.00	0.00
1002505.00	0.00
1003005.00	0.00
1003505.00	0.00
1004005.00	0.00
1004505.00	0.00
1005005.00	2.14
1005505.00	0.00
1006005.00	0.00
1006505.00	0.00
1007005.00	2.14
1007505.00	0.00
1008005.00	2.14
1008505.00	0.00
1009005.00	0.00
1009505.00	2.14
1010005.00	0.00
1010505.00	2.14
1011005.00	0.00
1011505.00	2.14
1012005.00	0.00
1012505.00	4.28
1013005.00	0.00
1013505.00	0.00
1014005.00	0.00
1014505.00	4.28
1015005.00	0.00
1015505.00	2.14
1016005.00	2.14
1016505.00	0.00
1017005.00	4.28
1017505.00	0.00
1018005.00	0.00
1018505.00	4.28
1019005.00	0.00
1019505.00	4.28
1020005.00	0.00
1020505.00	0.00
1021005.00	4.28
1021505.00	0.00
1022005.00	4.28
1022505.00	0.00
1023005.00	2.14
1023505.00	2.14
1024005.00	2.14
1024505.00	0.00
1025005.00	4.28
1025505.00	2.14
1026005.00	2.14
1026505.00	2.14
1027005.00	0.00
1027505.00	4.28
1028005.00	0.00
1028505.00	2.14
1029005.00	4.28
1029505.00	0.00
1030005.00	2.14
1030505.00	0.00
1031005.00	4.28
1031505.00	0.00
1032005.00	2.14
1032505.00	4.28
1033005.00	0.00
1033505.00	2.14
1034005.00	2.14
1034505.00	2.14
1035005.00	0.00
1035505.00	4.28
1036005.00	0.00
1036505.00	2.14
1037005.00	2.14
1037505.00	2.14
1038005.00	2.14
1038505.00	0.00
1039005.00	4.28
1039505.00	0.00
1040005.00	2.14
1040505.00	2.14
1041005.00	2.14
1041505.00	0.00
1042005.00	2.14
1042505.00	2.14
1043005.00	2.14
1043505.00	0.00
1044005.00	4.28
1044505.00	0.00
1045005.00	2.14
1045505.00	0.00
1046005.00	4.28
1046505.00	0.00
1047005.00	0.00
1047505.00	4.28
1048005.00	0.00
1048505.00	2.14
1049005.00	2.14
1049505.00	2.14
1050005.00	0.00
1050505.00	0.00
1051005.00	4.28
1051505.00	0.00
1052005.00	2.14
1052505.00	2.14
1053005.00	2.14
1053505.00	0.00
1054005.00	4.28
1054505.00	0.00
1055005.00	2.14
1055505.00	2.14
1056005.00	2.14
1056505.00	2.14
1057005.00	2.14
1057505.00	0.00
1058005.00	4.28
1058505.00	0.00
1059005.00	2.14
1059505.00	2.14
1060005.00	2.14
1060505.00	2.14
1061005.00	2.14
1061505.00	2.14
1062005.00	2.14
1062505.00	2.14
1063005.00	2.14
1063505.00	4.28
1064005.00	0.00
1064505.00	4.28
1065005.00	0.00
1065505.00	4.28
1066005.00	0.00
1066505.00	4.28
1067005.00	2.14
1067505.00	4.28
1068005.00	0.00
1068505.00	4.28
1069005.00	0.00
1069505.00	4.28
1070005.00	2.14
1070505.00	2.14
1071005.00	4.28
1071505.00	0.00
1072005.00	4.28
1072505.00	0.00
1073005.00	4.28
1073505.00	2.14
1074005.00	2.14
1074505.00	2.14
1075005.00	2.14
1075505.00	4.28
1076005.00	0.00
1076505.00	4.28
1077005.00	0.00
1077505.00	4.28
1078005.00	0.00
1078505.00	4.28
1079005.00	0.00
1079505.00	4.28
1080005.00	0.00
1080505.00	2.14
1081005.00	4.28
1081505.00	0.00
1082005.00	4.28
1082505.00	0.00
1083005.00	4.28
1083505.00	2.14
1084005.00	2.14
1084505.00	2.14
1085005.00	2.14
1085505.00	2.14
1086005.00	2.14
1086505.00	2.14
1087005.00	4.28
1087505.00	0.00
1088005.00	2.14
1088505.00	2.14
1089005.00	2.14
1089505.00	4.28
1090005.00	0.00
1090505.00	4.28
1091005.00	0.00
1091505.00	4.28
1092005.00	0.00
1092505.00	2.14
1093005.00	4.28
1093505.00	0.00
1094005.00	2.14
1094505.00	2.14
1095005.00	2.14
1095505.00	4.28
1096005.00	0.00
1096505.00	4.28
1097005.00	0.00
1097505.00	2.14
1098005.00	2.14
1098505.00	2.14
1099005.00	2.14
1099505.00	2.14
1100005.00	2.14
1100505.00	2.14
1101005.00	0.00
1101505.00	4.28
1102005.00	2.14
1102505.00	2.14
1103005.00	2.14
1103505.00	2.14
1104005.00	2.14
1104505.00	2.14
1105005.00	2.14
1105505.00	4.28
1106005.00	0.00
1106505.00	4.28
1107005.00	0.00
1107505.00	4.28
1108005.00	0.00
1108505.00	4.28
1109005.00	0.00
1109505.00	4.28
1110005.00	2.14
1110505.00	2.14
1111005.00	2.14
1111505.00	0.00
1112005.00	4.28
1112505.00	2.14
1113005.00	2.14
1113505.00	4.28
1114005.00	0.00
1114505.00	4.28
1115005.00	0.00
1115505.00	4.28
1116005.00	0.00
1116505.00	4.28
1117005.00	2.14
1117505.00	2.14
1118005.00	2.14
1118505.00	2.14
1119005.00	2.14
1119505.00	4.28
1120005.00	0.00
1120505.00	4.28
1121005.00	2.14
1121505.00	2.14
1122005.00	4.28
1122505.00	0.00
1123005.00	4.28
1123505.00	2.14
1124005.00	2.14
1124505.00	4.28
1125005.00	0.00
1125505.00	4.28
1126005.00	2.14
1126505.00	2.14
1127005.00	4.28
1127505.00	4.28
1128005.00	0.00
1128505.00	4.28
1129005.00	2.14
1129505.00	2.14
1130005.00	4.28
1130505.00	4.28
1131005.00	0.00
1131505.00	4.28
1132005.00	2.14
1132505.00	2.14
1133005.00	4.28
1133505.00	4.28
1134005.00	0.00
1134505.00	4.28
1135005.00	4.28
1135505.00	0.00
1136005.00	4.28
1136505.00	4.28
1137005.00	4.28
1137505.00	0.00
1138005.00	4.28
1138505.00	4.28
1139005.00	4.28
1139505.00	0.00
1140005.00	4.28
1140505.00	4.28
1141005.00	4.28
1141505.00	2.14
1142005.00	2.14
1142505.00	4.28
1143005.00	4.28
1143505.00	2.14
1144005.00	2.14
1144505.00	4.28
1145005.00	4.28
1145505.00	4.28
1146005.00	0.00
1146505.00	4.28
1147005.00	4.28
1147505.00	4.28
1148005.00	4.28
1148505.00	0.00
1149005.00	4.28
1149505.00	4.28
1150005.00	4.28
1150505.00	2.14
1151005.00	2.14
1151505.00	4.28
1152005.00	4.28
1152505.00	4.28
1153005.00	2.14
1153505.00	4.28
1154005.00	4.28
1154505.00	2.14
1155005.00	4.28
1155505.00	2.14
1156005.00	4.28
1156505.00	4.28
1157005.00	4.28
1157505.00	2.14
1158005.00	4.28
1158505.00	2.14
1159005.00	4.28
1159505.00	4.28
1160005.00	2.14
1160505.00	4.28
1161005.00	4.28
1161505.00	4.28
1162005.00	4.28
1162505.00	2.14
1163005.00	4.28
1163505.00	2.14
1164005.00	4.28
1164505.00	4.28
1165005.00	2.14
1165505.00	4.28
1166005.00	4.28
1166505.00	4.28
1167005.00	4.28
1167505.00	2.14
1168005.00	4.28
1168505.00	4.28
1169005.00	4.28
1169505.00	4.28
1170005.00	4.28
1170505.00	2.14
1171005.00	2.14
1171505.00	6.43
1172005.00	2.14
1172505.00	4.28
1173005.00	4.28
1173505.00	4.28
1174005.00	2.14
1174505.00	4.28
1175005.00	4.28
1175505.00	4.28
1176005.00	4.28
1176505.00	4.28
1177005.00	4.28
1177505.00	4.28
1178005.00	2.14
1178505.00	4.28
1179005.00	4.28
1179505.00	4.28
1180005.00	4.28
1180505.00	2.14
1181005.00	4.28
1181505.00	4.28
1182005.00	4.28
1182505.00	2.14
1183005.00	4.28
1183505.00	4.28
1184005.00	4.28
1184505.00	4.28
1185005.00	4.28
1185505.00	4.28
1186005.00	2.14
1186505.00	4.28
1187005.00	4.28
1187505.00	4.28
1188005.00	2.14
1188505.00	4.28
1189005.00	4.28
1189505.00	4.28
1190005.00	4.28
1190505.00	4.28
1191005.00	4.28
1191505.00	2.14
1192005.00	4.28
1192505.00	4.28
1193005.00	4.28
1193505.00	4.28
1194005.00	4.28
1194505.00	2.14
1195005.00	4.28
1195505.00	4.28
1196005.00	4.28
1196505.00	4.28
1197005.00	4.28
1197505.00	4.28
1198005.00	4.28
1198505.00	4.28
1199005.00	2.14
1199505.00	4.28
1200005.00	4.28
1200505.00	4.28
1201005.00	4.28
1201505.00	4.28
1202005.00	4.28
1202505.00	4.28
1203005.00	2.14
1203505.00	4.28
1204005.00	4.28
1204505.00	4.28
1205005.00	4.28
1205505.00	4.28
1206005.00	4.28
1206505.00	4.28
1207005.00	4.28
1207505.00	4.28
1208005.00	4.28
1208505.00	6.43
1209005.00	4.28
1209505.00	4.28
1210005.00	4.28
1210505.00	4.28
1211005.00	4.28
1211505.00	4.28
1212005.00	4.28
1212505.00	4.28
1213005.00	4.28
1213505.00	4.28
1214005.00	2.14
1214505.00	4.28
1215005.00	4.28
1215505.00	4.28
1216005.00	4.28
1216505.00	4.28
1217005.00	4.28
1217505.00	4.28
1218005.00	4.28
1218505.00	4.28
1219005.00	4.28
1219505.00	6.43
1220005.00	4.28
1220505.00	2.14
1221005.00	4.28
1221505.00	4.28
1222005.00	4.28
1222505.00	4.28
1223005.00	4.28
1223505.00	4.28
1224005.00	4.28
1224505.00	4.28
1225005.00	2.14
1225505.00	4.28
1226005.00	4.28
1226505.00	4.28
1227005.00	4.28
1227505.00	4.28
1228005.00	4.28
1228505.00	6.43
1229005.00	4.28
1229505.00	4.28
1230005.00	4.28
1230505.00	4.28
1231005.00	4.28
1231505.00	2.14
1232005.00	4.28
1232505.00	4.28
1233005.00	4.28
1233505.00	4.28
1234005.00	4.28
1234505.00	4.28
1235005.00	4.28
1235505.00	4.28
1236005.00	4.28
1236505.00	4.28
1237005.00	4.28
1237505.00	4.28
1238005.00	6.43
1238505.00	4.28
1239005.00	4.28
1239505.00	4.28
1240005.00	4.28
1240505.00	4.28
1241005.00	4.28
1241505.00	4.28
1242005.00	4.28
1242505.00	4.28
1243005.00	4.28
1243505.00	4.28
1244005.00	6.43
1244505.00	4.28
1245005.00	4.28
1245505.00	4.28
1246005.00	4.28
1246505.00	4.28
1247005.00	6.43
1247505.00	2.14
1248005.00	4.28
1248505.00	6.43
1249005.00	4.28
1249505.00	4.28
1250005.00	6.43
1250505.00	4.28
1251005.00	4.28
1251505.00	4.28
1252005.00	4.28
1252505.00	4.28
1253005.00	4.28
1253505.00	4.28
1254005.00	6.43
1254505.00	4.28
1255005.00	4.28
1255505.00	4.28
1256005.00	4.28
1256505.00	4.28
1257005.00	4.28
1257505.00	4.28
1258005.00	4.28
1258505.00	6.43
1259005.00	4.28
1259505.00	4.28
1260005.00	4.28
1260505.00	4.28
1261005.00	4.28
1261505.00	8.57
1262005.00	2.14
1262505.00	4.28
1263005.00	6.43
1263505.00	4.28
1264005.00	2.14
1264505.00	6.43
1265005.00	6.43
1265505.00	4.28
1266005.00	4.28
1266505.00	4.28
1267005.00	6.43
1267505.00	4.28
1268005.00	4.28
1268505.00	4.28
1269005.00	4.28
1269505.00	6.43
1270005.00	4.28
1270505.00	4.28
1271005.00	4.28
1271505.00	4.28
1272005.00	6.43
1272505.00	4.28
1273005.00	4.28
1273505.00	4.28
1274005.00	4.28
1274505.00	8.57
1275005.00	4.28
1275505.00	4.28
1276005.00	4.28
1276505.00	4.28
1277005.00	6.43
1277505.00	4.28
1278005.00	4.28
1278505.00	4.28
1279005.00	4.28
1279505.00	4.28
1280005.00	8.57
1280505.00	4.28
1281005.00	4.28
1281505.00	4.28
1282005.00	4.28
1282505.00	4.28
1283005.00	6.43
1283505.00	4.28
1284005.00	6.43
1284505.00	4.28
1285005.00	4.28
1285505.00	4.28
1286005.00	6.43
1286505.00	4.28
1287005.00	4.28
1287505.00	4.28
1288005.00	4.28
1288505.00	4.28
1289005.00	8.57
1289505.00	4.28
1290005.00	4.28
1290505.00	4.28
1291005.00	4.28
1291505.00	4.28
1292005.00	6.43
1292505.00	4.28
1293005.00	6.43
1293505.00	4.28
1294005.00	4.28
1294505.00	6.43
1295005.00	4.28
1295505.00	4.28
1296005.00	4.28
1296505.00	4.28
1297005.00	6.43
1297505.00	6.43
1298005.00	4.28
1298505.00	4.28
1299005.00	4.28
1299505.00	6.43
1300005.00	6.43
1300505.00	4.28
1301005.00	4.28
1301505.00	4.28
1302005.00	6.43
1302505.00	4.28
1303005.00	4.28
1303505.00	6.43
1304005.00	4.28
1304505.00	6.43
1305005.00	4.28
1305505.00	4.28
1306005.00	4.28
1306505.00	6.43
1307005.00	6.43
1307505.00	4.28
1308005.00	4.28
1308505.00	6.43
1309005.00	4.28
1309505.00	4.28
1310005.00	4.28
1310505.00	8.57
1311005.00	4.28
1311505.00	4.28
1312005.00	6.43
1312505.00	4.28
1313005.00	4.28
1313505.00	4.28
1314005.00	6.43
1314505.00	4.28
1315005.00	6.43
1315505.00	4.28
1316005.00	6.43
1316505.00	4.28
1317005.00	4.28
1317505.00	6.43
1318005.00	4.28
1318505.00	6.43
1319005.00	6.43
1319505.00	4.28
1320005.00	4.28
1320505.00	6.43
1321005.00	6.43
1321505.00	4.28
1322005.00	4.28
1322505.00	6.43
1323005.00	4.28
1323505.00	4.28
1324005.00	6.43
1324505.00	6.43
1325005.00	4.28
1325505.00	4.28
1326005.00	6.43
1326505.00	6.43
1327005.00	4.28
1327505.00	4.28
1328005.00	6.43
1328505.00	6.43
1329005.00	4.28
1329505.00	4.28
1330005.00	4.28
1330505.00	8.57
1331005.00	4.28
1331505.00	4.28
1332005.00	4.28
1332505.00	8.57
1333005.00	4.28
1333505.00	4.28
1334005.00	4.28
1334505.00	6.43
1335005.00	4.28
1335505.00	4.28
1336005.00	6.43
1336505.00	6.43
1337005.00	4.28
1337505.00	4.28
1338005.00	4.28
1338505.00	6.43
1339005.00	4.28
1339505.00	6.43
1340005.00	4.28
1340505.00	6.43
1341005.00	4.28
1341505.00	4.28
1342005.00	6.43
1342505.00	4.28
1343005.00	4.28
1343505.00	6.43
1344005.00	4.28
1344505.00	6.43
1345005.00	6.43
1345505.00	4.28
1346005.00	4.28
1346505.00	6.43
1347005.00	4.28
1347505.00	4.28
1348005.00	6.43
1348505.00	4.28
1349005.00	4.28
1349505.00	6.43
1350005.00	6.43
1350505.00	4.28
1351005.00	6.43
1351505.00	4.28
1352005.00	4.28
1352505.00	4.28
1353005.00	6.43
1353505.00	6.43
1354005.00	4.28
1354505.00	6.43
1355005.00	4.28
1355505.00	6.43
1356005.00	4.28
1356505.00	6.43
1357005.00	4.28
1357505.00	4.28
1358005.00	6.43
1358505.00	6.43
1359005.00	4.28
1359505.00	4.28
1360005.00	6.43
1360505.00	6.43
1361005.00	4.28
1361505.00	4.28
1362005.00	6.43
1362505.00	4.28
1363005.00	6.43
1363505.00	6.43
1364005.00	4.28
1364505.00	4.28
1365005.00	6.43
1365505.00	6.43
1366005.00	4.28
1366505.00	4.28
1367005.00	8.57
1367505.00	4.28
1368005.00	4.28
1368505.00	4.28
1369005.00	6.43
1369505.00	4.28
1370005.00	6.43
1370505.00	6.43
1371005.00	4.28
1371505.00	4.28
1372005.00	6.43
1372505.00	6.43
1373005.00	4.28
1373505.00	4.28
1374005.00	6.43
1374505.00	6.43
1375005.00	4.28
1375505.00	6.43
1376005.00	4.28
1376505.00	4.28
1377005.00	6.43
1377505.00	6.43
1378005.00	4.28
1378505.00	4.28
1379005.00	6.43
1379505.00	6.43
1380005.00	4.28
1380505.00	6.43
1381005.00	4.28
1381505.00	4.28
1382005.00	6.43
1382505.00	6.43
1383005.00	4.28
1383505.00	6.43
1384005.00	6.43
1384505.00	4.28
1385005.00	4.28
1385505.00	6.43
1386005.00	6.43
1386505.00	4.28
1387005.00	6.43
1387505.00	4.28
1388005.00	4.28
1388505.00	8.57
1389005.00	4.28
1389505.00	4.28
1390005.00	6.43
1390505.00	6.43
1391005.00	6.43
1391505.00	4.28
1392005.00	4.28
1392505.00	6.43
1393005.00	6.43
1393505.00	4.28
1394005.00	6.43
1394505.00	4.28
1395005.00	4.28
1395505.00	6.43
1396005.00	6.43
1396505.00	4.28
1397005.00	6.43
1397505.00	4.28
1398005.00	6.43
1398505.00	6.43
1399005.00	4.28
1399505.00	4.28
1400005.00	8.57
1400505.00	4.28
1401005.00	4.28
1401505.00	4.28
1402005.00	6.43
1402505.00	4.28
1403005.00	6.43
1403505.00	6.43
1404005.00	4.28
1404505.00	4.28
1405005.00	8.57
1405505.00	4.28
1406005.00	4.28
1406505.00	8.57
1407005.00	4.28
1407505.00	4.28
1408005.00	6.43
1408505.00	4.28
1409005.00	6.43
1409505.00	6.43
1410005.00	4.28
1410505.00	4.28
1411005.00	8.57
1411505.00	4.28
1412005.00	4.28
1412505.00	6.43
1413005.00	6.43
1413505.00	6.43
1414005.00	4.28
1414505.00	4.28
1415005.00	6.43
1415505.00	6.43
1416005.00	6.43
1416505.00	4.28
1417005.00	4.28
1417505.00	8.57
1418005.00	4.28
1418505.00	6.43
1419005.00	4.28
1419505.00	4.28
1420005.00	6.43
1420505.00	6.43
1421005.00	6.43
1421505.00	4.28
1422005.00	4.28
1422505.00	6.43
1423005.00	6.43
1423505.00	6.43
1424005.00	4.28
1424505.00	4.28
1425005.00	6.43
1425505.00	4.28
1426005.00	6.43
1426505.00	6.43
1427005.00	4.28
1427505.00	6.43
1428005.00	4.28
1428505.00	6.43
1429005.00	6.43
1429505.00	4.28
1430005.00	6.43
1430505.00	6.43
1431005.00	4.28
1431505.00	6.43
1432005.00	4.28
1432505.00	6.43
1433005.00	6.43
1433505.00	4.28
1434005.00	6.43
1434505.00	6.43
1435005.00	4.28
1435505.00	6.43
1436005.00	6.43
1436505.00	6.43
1437005.00	4.28
1437505.00	6.43
1438005.00	6.43
1438505.00	4.28
1439005.00	6.43
1439505.00	6.43
1440005.00	6.43
1440505.00	4.28
1441005.00	4.28
1441505.00	8.57
1442005.00	4.28
1442505.00	6.43
1443005.00	4.28
1443505.00	8.57
1444005.00	4.28
1444505.00	4.28
1445005.00	8.57
1445505.00	4.28
1446005.00	6.43
1446505.00	4.28
1447005.00	8.57
1447505.00	4.28
1448005.00	4.28
1448505.00	6.43
1449005.00	6.43
1449505.00	6.43
1450005.00	4.28
1450505.00	4.28
1451005.00	6.43
1451505.00	6.43
1452005.00	6.43
1452505.00	4.28
1453005.00	6.43
1453505.00	6.43
1454005.00	4.28
1454505.00	6.43
1455005.00	6.43
1455505.00	4.28
1456005.00	6.43
1456505.00	4.28
1457005.00	8.57
1457505.00	4.28
1458005.00	4.28
1458505.00	8.57
1459005.00	4.28
1459505.00	6.43
1460005.00	4.28
1460505.00	8.57
1461005.00	4.28
1461505.00	4.28
1462005.00	8.57
1462505.00	4.28
1463005.00	6.43
1463505.00	4.28
1464005.00	8.57
1464505.00	4.28
1465005.00	4.28
1465505.00	8.57
1466005.00	4.28
1466505.00	6.43
1467005.00	6.43
1467505.00	4.28
1468005.00	6.43
1468505.00	4.28
1469005.00	8.57
1469505.00	4.28
1470005.00	4.28
1470505.00	6.43
1471005.00	6.43
1471505.00	4.28
1472005.00	6.43
1472505.00	4.28
1473005.00	6.43
1473505.00	6.43
1474005.00	4.28
1474505.00	6.43
1475005.00	6.43
1475505.00	4.28
1476005.00	6.43
1476505.00	4.28
1477005.00	6.43
1477505.00	6.43
1478005.00	4.28
1478505.00	6.43
1479005.00	4.28
1479505.00	6.43
1480005.00	6.43
1480505.00	4.28
1481005.00	6.43
1481505.00	6.43
1482005.00	4.28
1482505.00	6.43
1483005.00	6.43
1483505.00	6.43
1484005.00	4.28
1484505.00	6.43
1485005.00	6.43
1485505.00	6.43
1486005.00	4.28
1486505.00	6.43
1487005.00	6.43
1487505.00	4.28
1488005.00	8.57
1488505.00	4.28
1489005.00	6.43
1489505.00	4.28
1490005.00	6.43
1490505.00	6.43
1491005.00	4.28
1491505.00	6.43
1492005.00	6.43
1492505.00	6.43
1493005.00	4.28
1493505.00	6.43
1494005.00	6.43
1494505.00	4.28
1495005.00	6.43
1495505.00	6.43
1496005.00	6.43
1496505.00	4.28
1497005.00	6.43
1497505.00	6.43
1498005.00	4.28
1498505.00	8.57
1499005.00	4.28
1499505.00	6.43
1500005.00	4.28
1500505.00	8.57
1501005.00	4.28
1501505.00	6.43
1502005.00	6.43
1502505.00	4.28
1503005.00	6.43
1503505.00	6.43
1504005.00	6.43
1504505.00	4.28
1505005.00	8.57
1505505.00	4.28
1506005.00	6.43
1506505.00	4.28
1507005.00	8.57
1507505.00	4.28
1508005.00	6.43
1508505.00	6.43
1509005.00	6.43
1509505.00	6.43
1510005.00	4.28
1510505.00	6.43
1511005.00	6.43
1511505.00	6.43
1512005.00	4.28
1512505.00	8.57
1513005.00	4.28
1513505.00	6.43
1514005.00	6.43
1514505.00	6.43
1515005.00	4.28
1515505.00	6.43
1516005.00	6.43
1516505.00	4.28
1517005.00	8.57
1517505.00	4.28
1518005.00	6.43
1518505.00	6.43
1519005.00	6.43
1519505.00	4.28
1520005.00	6.43
1520505.00	6.43
1521005.00	4.28
1521505.00	6.43
1522005.00	4.28
1522505.00	8.57
1523005.00	4.28
1523505.00	6.43
1524005.00	4.28
1524505.00	8.57
1525005.00	4.28
1525505.00	6.43
1526005.00	6.43
1526505.00	4.28
1527005.00	6.43
1527505.00	6.43
1528005.00	6.43
1528505.00	4.28
1529005.00	6.43
1529505.00	6.43
1530005.00	6.43
1530505.00	4.28
1531005.00	6.43
1531505.00	6.43
1532005.00	6.43
1532505.00	4.28
1533005.00	6.43
1533505.00	6.43
1534005.00	4.28
1534505.00	8.57
1535005.00	4.28
1535505.00	6.43
1536005.00	6.43
1536505.00	4.28
1537005.00	6.43
1537505.00	6.43
1538005.00	6.43
1538505.00	4.28
1539005.00	6.43
1539505.00	6.43
1540005.00	4.28
1540505.00	8.57
1541005.00	4.28
1541505.00	6.43
1542005.00	6.43
1542505.00	4.28
1543005.00	6.43
1543505.00	6.43
1544005.00	6.43
1544505.00	4.28
1545005.00	6.43
1545505.00	6.43
1546005.00	4.28
1546505.00	6.43
1547005.00	6.43
1547505.00	6.43
1548005.00	4.28
1548505.00	8.57
1549005.00	4.28
1549505.00	6.43
1550005.00	4.28
1550505.00	6.43
1551005.00	6.43
1551505.00	4.28
1552005.00	8.57
1552505.00	4.28
1553005.00	6.43
1553505.00	6.43
1554005.00	6.43
1554505.00	4.28
1555005.00	8.57
1555505.00	4.28
1556005.00	6.43
1556505.00	4.28
1557005.00	8.57
1557505.00	4.28
1558005.00	6.43
1558505.00	6.43
1559005.00	6.43
1559505.00	6.43
1560005.00	6.43
1560505.00	4.28
1561005.00	6.43
1561505.00	6.43
1562005.00	4.28
1562505.00	8.57
1563005.00	4.28
1563505.00	6.43
1564005.00	6.43
1564505.00	6.43
1565005.00	4.28
1565505.00	8.57
1566005.00	4.28
1566505.00	6.43
1567005.00	6.43
1567505.00	6.43
1568005.00	4.28
1568505.00	8.57
1569005.00	4.28
1569505.00	6.43
1570005.00	6.43
1570505.00	6.43
1571005.00	4.28
1571505.00	8.57
1572005.00	4.28
1572505.00	8.57
1573005.00	4.28
1573505.00	6.43
1574005.00	6.43
1574505.00	6.43
1575005.00	4.28
1575505.00	8.57
1576005.00	4.28
1576505.00	6.43
1577005.00	8.57
1577505.00	4.28
1578005.00	6.43
1578505.00	6.43
1579005.00	6.43
1579505.00	4.28
1580005.00	8.57
1580505.00	4.28
1581005.00	6.43
1581505.00	6.43
1582005.00	8.57
1582505.00	4.28
1583005.00	6.43
1583505.00	4.28
1584005.00	8.57
1584505.00	4.28
1585005.00	8.57
1585505.00	4.28
1586005.00	6.43
1586505.00	6.43
1587005.00	6.43
1587505.00	4.28
1588005.00	8.57
1588505.00	4.28
1589005.00	6.43
1589505.00	6.43
1590005.00	6.43
1590505.00	4.28
1591005.00	8.57
1591505.00	4.28
1592005.00	6.43
1592505.00	6.43
1593005.00	6.43
1593505.00	4.28
1594005.00	8.57
1594505.00	4.28
1595005.00	6.43
1595505.00	6.43
1596005.00	6.43
1596505.00	4.28
1597005.00	8.57
1597505.00	4.28
1598005.00	6.43
1598505.00	6.43
1599005.00	6.43
1599505.00	4.28
1600005.00	6.43
1600505.00	6.43
1601005.00	6.43
1601505.00	6.43
1602005.00	6.43
1602505.00	4.28
1603005.00	8.57
1603505.00	4.28
1604005.00	6.43
1604505.00	6.43
1605005.00	6.43
1605505.00	4.28
1606005.00	8.57
1606505.00	4.28
1607005.00	6.43
1607505.00	6.43
1608005.00	6.43
1608505.00	6.43
1609005.00	6.43
1609505.00	4.28
1610005.00	8.57
1610505.00	4.28
1611005.00	6.43
1611505.00	6.43
1612005.00	6.43
1612505.00	6.43
1613005.00	6.43
1613505.00	4.28
1614005.00	8.57
1614505.00	4.28
1615005.00	6.43
1615505.00	4.28
1616005.00	8.57
1616505.00	4.28
1617005.00	6.43
1617505.00	8.57
1618005.00	4.28
1618505.00	6.43
1619005.00	6.43
1619505.00	6.43
1620005.00	4.28
1620505.00	8.57
1621005.00	4.28
1621505.00	6.43
1622005.00	6.43
1622505.00	6.43
1623005.00	4.28
1623505.00	8.57
1624005.00	4.28
1624505.00	6.43
1625005.00	6.43
1625505.00	6.43
1626005.00	4.28
1626505.00	8.57
1627005.00	4.28
1627505.00	6.43
1628005.00	6.43
1628505.00	6.43
1629005.00	4.28
1629505.00	8.57
1630005.00	4.28
1630505.00	6.43
1631005.00	6.43
1631505.00	6.43
1632005.00	8.57
1632505.00	4.28
1633005.00	6.43
1633505.00	6.43
1634005.00	6.43
1634505.00	6.43
1635005.00	6.43
1635505.00	6.43
1636005.00	6.43
1636505.00	4.28
1637005.00	8.57
1637505.00	6.43
1638005.00	4.28
1638505.00	8.57
1639005.00	4.28
1639505.00	6.43
1640005.00	6.43
1640505.00	6.43
1641005.00	4.28
1641505.00	8.57
1642005.00	6.43
1642505.00	6.43
1643005.00	6.43
1643505.00	4.28
1644005.00	8.57
1644505.00	4.28
1645005.00	6.43
1645505.00	6.43
1646005.00	6.43
1646505.00	4.28
1647005.00	6.43
1647505.00	6.43
1648005.00	6.43
1648505.00	6.43
1649005.00	6.43
1649505.00	6.43
1650005.00	4.28
1650505.00	8.57
1651005.00	4.28
1651505.00	6.43
1652005.00	6.43
1652505.00	6.43
1653005.00	4.28
1653505.00	8.57
1654005.00	6.43
1654505.00	4.28
1655005.00	8.57
1655505.00	4.28
1656005.00	6.43
1656505.00	6.43
1657005.00	6.43
1657505.00	6.43
1658005.00	6.43
1658505.00	6.43
1659005.00	4.28
1659505.00	8.57
1660005.00	4.28
1660505.00	6.43
1661005.00	8.57
1661505.00	4.28
1662005.00	6.43
1662505.00	6.43
1663005.00	6.43
1663505.00	4.28
1664005.00	8.57
1664505.00	4.28
1665005.00	6.43
1665505.00	4.28
1666005.00	8.57
1666505.00	6.43
1667005.00	4.28
1667505.00	8.57
1668005.00	4.28
1668505.00	6.43
1669005.00	4.28
1669505.00	8.57
1670005.00	4.28
1670505.00	6.43
1671005.00	6.43
1671505.00	6.43
1672005.00	4.28
1672505.00	6.43
1673005.00	6.43
1673505.00	6.43
1674005.00	4.28
1674505.00	8.57
1675005.00	6.43
1675505.00	4.28
1676005.00	8.57
1676505.00	4.28
1677005.00	6.43
1677505.00	6.43
1678005.00	6.43
1678505.00	8.57
1679005.00	4.28
1679505.00	6.43
1680005.00	6.43
1680505.00	6.43
1681005.00	4.28
1681505.00	8.57
1682005.00	6.43
1682505.00	6.43
1683005.00	6.43
1683505.00	4.28
1684005.00	8.57
1684505.00	4.28
1685005.00	6.43
1685505.00	6.43
1686005.00	6.43
1686505.00	6.43
1687005.00	6.43
1687505.00	4.28
1688005.00	8.57
1688505.00	4.28
1689005.00	6.43
1689505.00	6.43
1690005.00	6.43
1690505.00	4.28
1691005.00	8.57
1691505.00	4.28
1692005.00	6.43
1692505.00	6.43
1693005.00	6.43
1693505.00	4.28
1694005.00	8.57
1694505.00	4.28
1695005.00	6.43
1695505.00	6.43
1696005.00	6.43
1696505.00	6.43
1697005.00	6.43
1697505.00	6.43
1698005.00	6.43
1698505.00	6.43
1699005.00	4.28
1699505.00	8.57
1700005.00	4.28
1700505.00	6.43
1701005.00	6.43
1701505.00	6.43
1702005.00	6.43
1702505.00	6.43
1703005.00	6.43
1703505.00	6.43
1704005.00	6.43
1704505.00	6.43
1705005.00	4.28
1705505.00	8.57
1706005.00	6.43
1706505.00	4.28
1707005.00	6.43
1707505.00	6.43
1708005.00	4.28
1708505.00	8.57
1709005.00	6.43
1709505.00	4.28
1710005.00	6.43
1710505.00	6.43
1711005.00	6.43
1711505.00	6.43
1712005.00	6.43
1712505.00	4.28
1713005.00	8.57
1713505.00	4.28
1714005.00	6.43
1714505.00	6.43
1715005.00	6.43
1715505.00	4.28
1716005.00	6.43
1716505.00	6.43
1717005.00	6.43
1717505.00	6.43
1718005.00	6.43
1718505.00	6.43
1719005.00	4.28
1719505.00	6.43
1720005.00	6.43
1720505.00	6.43
1721005.00	4.28
1721505.00	8.57
1722005.00	4.28
1722505.00	6.43
1723005.00	6.43
1723505.00	6.43
1724005.00	6.43
1724505.00	6.43
1725005.00	4.28
1725505.00	8.57
1726005.00	6.43
1726505.00	4.28
1727005.00	8.57
1727505.00	4.28
1728005.00	8.57
1728505.00	4.28
1729005.00	6.43
1729505.00	6.43
1730005.00	6.43
1730505.00	4.28
1731005.00	8.57
1731505.00	4.28
1732005.00	8.57
1732505.00	4.28
1733005.00	6.43
1733505.00	6.43
1734005.00	6.43
1734505.00	4.28
1735005.00	8.57
1735505.00	4.28
1736005.00	6.43
1736505.00	6.43
1737005.00	6.43
1737505.00	4.28
1738005.00	8.57
1738505.00	6.43
1739005.00	4.28
1739505.00	8.57
1740005.00	4.28
1740505.00	6.43
1741005.00	6.43
1741505.00	6.43
1742005.00	4.28
1742505.00	8.57
1743005.00	6.43
1743505.00	4.28
1744005.00	8.57
1744505.00	4.28
1745005.00	6.43
1745505.00	6.43
1746005.00	6.43
1746505.00	4.28
1747005.00	8.57
1747505.00	6.43
1748005.00	4.28
1748505.00	6.43
1749005.00	6.43
1749505.00	8.57
1750005.00	4.28
1750505.00	6.43
1751005.00	6.43
1751505.00	6.43
1752005.00	6.43
1752505.00	6.43
1753005.00	6.43
1753505.00	6.43
1754005.00	4.28
1754505.00	8.57
1755005.00	4.28
1755505.00	6.43
1756005.00	8.57
1756505.00	4.28
1757005.00	6.43
1757505.00	6.43
1758005.00	6.43
1758505.00	6.43
1759005.00	6.43
1759505.00	6.43
1760005.00	6.43
1760505.00	6.43
1761005.00	4.28
1761505.00	8.57
1762005.00	4.28
1762505.00	6.43
1763005.00	8.57
1763505.00	4.28
1764005.00	6.43
1764505.00	6.43
1765005.00	6.43
1765505.00	4.28
1766005.00	8.57
1766505.00	6.43
1767005.00	4.28
1767505.00	8.57
1768005.00	4.28
1768505.00	6.43
1769005.00	6.43
1769505.00	6.43
1770005.00	6.43
1770505.00	6.43
1771005.00	6.43
1771505.00	4.28
1772005.00	8.57
1772505.00	4.28
1773005.00	6.43
1773505.00	6.43
1774005.00	6.43
1774505.00	6.43
1775005.00	6.43
1775505.00	4.28
1776005.00	8.57
1776505.00	6.43
1777005.00	4.28
1777505.00	8.57
1778005.00	4.28
1778505.00	6.43
1779005.00	6.43
1779505.00	6.43
1780005.00	6.43
1780505.00	6.43
1781005.00	6.43
1781505.00	6.43
1782005.00	6.43
1782505.00	4.28
1783005.00	6.43
1783505.00	8.57
1784005.00	4.28
1784505.00	6.43
1785005.00	6.43
1785505.00	6.43
1786005.00	4.28
1786505.00	8.57
1787005.00	4.28
1787505.00	6.43
1788005.00	8.57
1788505.00	4.28
1789005.00	6.43
1789505.00	6.43
1790005.00	6.43
1790505.00	4.28
1791005.00	8.57
1791505.00	4.28
1792005.00	6.43
1792505.00	6.43
1793005.00	6.43
1793505.00	4.28
1794005.00	8.57
1794505.00	4.28
1795005.00	8.57
1795505.00	4.28
1796005.00	8.57
1796505.00	6.43
1797005.00	4.28
1797505.00	8.57
1798005.00	4.28
1798505.00	6.43
1799005.00	6.43
1799505.00	6.43
1800005.00	6.43
1800505.00	6.43
1801005.00	6.43
1801505.00	6.43
1802005.00	6.43
1802505.00	4.28
1803005.00	8.57
1803505.00	4.28
1804005.00	8.57
1804505.00	6.43
1805005.00	4.28
1805505.00	8.57
1806005.00	4.28
1806505.00	6.43
1807005.00	6.43
1807505.00	6.43
1808005.00	6.43
1808505.00	6.43
1809005.00	6.43
1809505.00	6.43
1810005.00	6.43
1810505.00	4.28
1811005.00	8.57
1811505.00	4.28
1812005.00	6.43
1812505.00	6.43
1813005.00	6.43
1813505.00	4.28
1814005.00	8.57
1814505.00	6.43
1815005.00	6.43
1815505.00	6.43
1816005.00	4.28
1816505.00	8.57
1817005.00	4.28
1817505.00	8.57
1818005.00	4.28
1818505.00	6.43
1819005.00	8.57
1819505.00	4.28
1820005.00	8.57
1820505.00	4.28
1821005.00	6.43
1821505.00	8.57
1822005.00	6.43
1822505.00	6.43
1823005.00	4.28
1823505.00	8.57
1824005.00	6.43
1824505.00	4.28
1825005.00	8.57
1825505.00	4.28
1826005.00	8.57
1826505.00	6.43
1827005.00	4.28
1827505.00	8.57
1828005.00	4.28
1828505.00	8.57
1829005.00	4.28
1829505.00	6.43
1830005.00	8.57
1830505.00	4.28
1831005.00	6.43
1831505.00	6.43
1832005.00	6.43
1832505.00	4.28
1833005.00	8.57
1833505.00	6.43
1834005.00	4.28
1834505.00	8.57
1835005.00	4.28
1835505.00	8.57
1836005.00	4.28
1836505.00	6.43
1837005.00	4.28
1837505.00	8.57
1838005.00	6.43
1838505.00	6.43
1839005.00	6.43
1839505.00	4.28
1840005.00	8.57
1840505.00	6.43
1841005.00	6.43
1841505.00	6.43
1842005.00	4.28
1842505.00	8.57
1843005.00	6.43
1843505.00	4.28
1844005.00	8.57
1844505.00	6.43
1845005.00	6.43
1845505.00	6.43
1846005.00	4.28
1846505.00	8.57
1847005.00	6.43
1847505.00	4.28
1848005.00	8.57
1848505.00	4.28
1849005.00	8.57
1849505.00	4.28
1850005.00	6.43
1850505.00	8.57
1851005.00	4.28
1851505.00	6.43
1852005.00	6.43
1852505.00	6.43
1853005.00	8.57
1853505.00	4.28
1854005.00	6.43
1854505.00	6.43
1855005.00	6.43
1855505.00	4.28
1856005.00	8.57
1856505.00	6.43
1857005.00	4.28
1857505.00	8.57
1858005.00	4.28
1858505.00	8.57
1859005.00	6.43
1859505.00	4.28
1860005.00	8.57
1860505.00	4.28
1861005.00	6.43
1861505.00	8.57
1862005.00	4.28
1862505.00	8.57
1863005.00	4.28
1863505.00	6.43
1864005.00	8.57
1864505.00	4.28
1865005.00	6.43
1865505.00	8.57
1866005.00	6.43
1866505.00	6.43
1867005.00	4.28
1867505.00	8.57
1868005.00	6.43
1868505.00	6.43
1869005.00	6.43
1869505.00	6.43
1870005.00	6.43
1870505.00	6.43
1871005.00	6.43
1871505.00	6.43
1872005.00	6.43
1872505.00	6.43
1873005.00	6.43
1873505.00	6.43
1874005.00	6.43
1874505.00	6.43
1875005.00	6.43
1875505.00	8.57
1876005.00	4.28
1876505.00	6.43
1877005.00	6.43
1877505.00	6.43
1878005.00	6.43
1878505.00	6.43
1879005.00	6.43
1879505.00	4.28
1880005.00	8.57
1880505.00	6.43
1881005.00	6.43
1881505.00	6.43
1882005.00	4.28
1882505.00	8.57
1883005.00	6.43
1883505.00	4.28
1884005.00	8.57
1884505.00	6.43
1885005.00	6.43
1885505.00	6.43
1886005.00	4.28
1886505.00	8.57
1887005.00	6.43
1887505.00	6.43
1888005.00	6.43
1888505.00	8.57
1889005.00	4.28
1889505.00	6.43
1890005.00	6.43
1890505.00	6.43
1891005.00	6.43
1891505.00	6.43
1892005.00	6.43
1892505.00	6.43
1893005.00	6.43
1893505.00	4.28
1894005.00	8.57
1894505.00	6.43
1895005.00	6.43
1895505.00	6.43
1896005.00	4.28
1896505.00	8.57
1897005.00	6.43
1897505.00	4.28
1898005.00	8.57
1898505.00	6.43
1899005.00	4.28
1899505.00	8.57
1900005.00	4.28
1900505.00	6.43
1901005.00	8.57
1901505.00	4.28
1902005.00	6.43
1902505.00	6.43
1903005.00	6.43
1903505.00	6.43
1904005.00	8.57
1904505.00	4.28
1905005.00	6.43
1905505.00	6.43
1906005.00	6.43
1906505.00	6.43
1907005.00	6.43
1907505.00	6.43
1908005.00	4.28
1908505.00	8.57
1909005.00	6.43
1909505.00	6.43
1910005.00	6.43
1910505.00	4.28
1911005.00	8.57
1911505.00	6.43
1912005.00	6.43
1912505.00	6.43
1913005.00	6.43
1913505.00	6.43
1914005.00	6.43
1914505.00	6.43
1915005.00	6.43
1915505.00	6.43
1916005.00	6.43
1916505.00	6.43
1917005.00	4.28
1917505.00	8.57
1918005.00	6.43
1918505.00	6.43
1919005.00	6.43
1919505.00	6.43
1920005.00	6.43
1920505.00	6.43
1921005.00	8.57
1921505.00	4.28
1922005.00	6.43
1922505.00	6.43
1923005.00	6.43
1923505.00	6.43
1924005.00	6.43
1924505.00	6.43
1925005.00	6.43
1925505.00	6.43
1926005.00	6.43
1926505.00	6.43
1927005.00	6.43
1927505.00	6.43
1928005.00	6.43
1928505.00	6.43
1929005.00	6.43
1929505.00	6.43
1930005.00	6.43
1930505.00	4.28
1931005.00	8.57
1931505.00	6.43
1932005.00	6.43
1932505.00	6.43
1933005.00	4.28
1933505.00	8.57
1934005.00	6.43
1934505.00	4.28
1935005.00	8.57
1935505.00	6.43
1936005.00	6.43
1936505.00	6.43
1937005.00	4.28
1937505.00	8.57
1938005.00	6.43
1938505.00	6.43
1939005.00	6.43
1939505.00	6.43
1940005.00	6.43
1940505.00	6.43
1941005.00	8.57
1941505.00	4.28
1942005.00	6.43
1942505.00	6.43
1943005.00	6.43
1943505.00	8.57
1944005.00	4.28
1944505.00	6.43
1945005.00	8.57
1945505.00	4.28
1946005.00	6.43
1946505.00	8.57
1947005.00	4.28
1947505.00	6.43
1948005.00	6.43
1948505.00	6.43
1949005.00	6.43
1949505.00	6.43
1950005.00	6.43
1950505.00	4.28
1951005.00	8.57
1951505.00	6.43
1952005.00	4.28
1952505.00	8.57
1953005.00	6.43
1953505.00	4.28
1954005.00	8.57
1954505.00	4.28
1955005.00	6.43
1955505.00	8.57
1956005.00	4.28
1956505.00	6.43
1957005.00	8.57
1957505.00	4.28
1958005.00	6.43
1958505.00	6.43
1959005.00	6.43
1959505.00	8.57
1960005.00	4.28
1960505.00	6.43
1961005.00	8.57
1961505.00	4.28
1962005.00	6.43
1962505.00	8.57
1963005.00	4.28
1963505.00	8.57
1964005.00	6.43
1964505.00	4.28
1965005.00	8.57
1965505.00	6.43
1966005.00	4.28
1966505.00	8.57
1967005.00	4.28
1967505.00	8.57
1968005.00	6.43
1968505.00	4.28
1969005.00	8.57
1969505.00	4.28
1970005.00	6.43
1970505.00	6.43
1971005.00	6.43
1971505.00	6.43
1972005.00	6.43
1972505.00	6.43
1973005.00	6.43
1973505.00	4.28
1974005.00	8.57
1974505.00	6.43
1975005.00	6.43
1975505.00	6.43
1976005.00	4.28
1976505.00	8.57
1977005.00	6.43
1977505.00	4.28
1978005.00	8.57
1978505.00	6.43
1979005.00	4.28
1979505.00	8.57
1980005.00	6.43
1980505.00	4.28
1981005.00	8.57
1981505.00	4.28
1982005.00	8.57
1982505.00	6.43
1983005.00	4.28
1983505.00	8.57
1984005.00	6.43
1984505.00	6.43
1985005.00	6.43
1985505.00	8.57
1986005.00	4.28
1986505.00	6.43
1987005.00	8.57
1987505.00	4.28
1988005.00	8.57
1988505.00	4.28
1989005.00	6.43
1989505.00	8.57
1990005.00	4.28
1990505.00	8.57
1991005.00	4.28
1991505.00	6.43
1992005.00	8.57
1992505.00	4.28
1993005.00	6.43
1993505.00	8.57
1994005.00	4.28
1994505.00	8.57
1995005.00	4.28
1995505.00	6.43
1996005.00	8.57
1996505.00	4.28
1997005.00	6.43
1997505.00	6.43
1998005.00	6.43
1998505.00	8.57
1999005.00	4.28
1999505.00	6.43
