1006241.00	0.00
1007568.00	0.00
1008908.00	0.40
1009645.00	0.92
1010918.00	1.05
1011556.00	1.09
1012457.00	1.26
1012931.00	1.48
1013786.00	1.58
1014416.00	1.53
1015225.00	1.47
1015599.00	1.65
1016660.00	1.65
1016892.00	1.58
1017785.00	1.78
1017964.00	1.95
1018866.00	1.99
1019104.00	1.93
1019991.00	1.89
1020168.00	1.96
1021000.00	2.07
1021207.00	2.09
1021913.00	2.20
1022097.00	2.38
1022797.00	2.42
1023054.00	2.33
1023757.00	2.24
1023856.00	2.45
1024668.00	2.51
1024774.00	2.34
1025469.00	2.50
1025648.00	2.56
1026305.00	2.51
1026525.00	2.50
1027171.00	2.46
1027278.00	2.66
1027982.00	2.74
1028138.00	2.57
1028713.00	2.71
1028896.00	2.88
1029427.00	2.91
1029751.00	2.75
1030238.00	2.57
1030611.00	2.57
1031032.00	2.59
1031490.00	2.57
1031727.00	2.76
1032258.00	2.93
1032457.00	2.86
1033155.00	2.66
1033243.00	2.56
1034020.00	2.57
1034160.00	2.45
1034704.00	2.63
1035108.00	2.69
1035381.00	2.71
1035970.00	2.83
1036204.00	2.55
1036951.00	2.39
1036986.00	2.46
1037697.00	2.60
1037862.00	2.69
1038450.00	2.60
1038888.00	2.47
1039334.00	2.25
1039854.00	2.32
1040187.00	2.37
1040909.00	2.27
1040923.00	2.47
1041622.00	2.55
1041911.00	2.60
1042576.00	2.19
1043003.00	2.10
1043599.00	2.03
1044087.00	2.04
1044369.00	2.38
1044983.00	2.73
1045195.00	2.71
1046006.00	2.01
1046227.00	2.09
1046988.00	2.13
1047359.00	2.04
1047831.00	2.22
1048407.00	2.29
1048758.00	2.18
1049519.00	2.12
1049825.00	1.97
1050576.00	2.02
1050685.00	2.26
1051546.00	2.26
1051701.00	2.20
1052391.00	2.22
1052814.00	2.23
1053455.00	1.97
1053946.00	1.95
1054410.00	2.07
1055059.00	2.08
1055269.00	2.21
1056065.00	2.31
1056214.00	2.27
1057056.00	2.01
1057239.00	2.13
1057969.00	2.22
1058403.00	2.09
1058785.00	2.23
1059455.00	2.33
1059572.00	2.38
1060478.00	2.20
1060579.00	2.13
1061280.00	2.29
1061600.00	2.39
1062041.00	2.46
1062638.00	2.44
1062809.00	2.43
1063590.00	2.52
1063650.00	2.40
1064386.00	2.58
1064574.00	2.54
1065102.00	2.59
1065423.00	2.76
1065817.00	2.76
1066368.00	2.63
1066607.00	2.49
1067241.00	2.58
1067386.00	2.60
1068075.00	2.78
1068171.00	2.71
1068726.00	2.80
1068875.00	3.17
1069497.00	2.91
1069772.00	2.58
1070335.00	2.47
1070625.00	2.53
1071036.00	2.79
1071514.00	2.74
1071752.00	2.70
1072394.00	2.71
1072540.00	2.58
1073285.00	2.56
1073290.00	2.63
1073999.00	2.71
1074079.00	2.86
1074722.00	2.83
1074985.00	2.66
1075544.00	2.49
1075740.00	2.72
1076368.00	2.72
1076645.00	2.49
1077120.00	2.61
1077435.00	2.78
1077940.00	2.66
1078360.00	2.47
1078823.00	2.37
1079173.00	2.53
1079681.00	2.57
1080076.00	2.44
1080478.00	2.53
1080958.00	2.56
1081279.00	2.55
1081852.00	2.53
1082206.00	2.35
1082641.00	2.51
1083125.00	2.52
1083514.00	2.39
1083926.00	2.56
1084258.00	2.78
1084769.00	2.71
1085130.00	2.50
1085671.00	2.42
1085971.00	2.46
1086550.00	2.49
1086829.00	2.47
1087321.00	2.64
1087567.00	2.84
1088073.00	2.87
1088418.00	2.68
1088974.00	2.45
1089167.00	2.62
1089819.00	2.70
1090005.00	2.55
1090586.00	2.68
1090844.00	2.67
1091393.00	2.60
1091687.00	2.60
1092346.00	2.40
1092411.00	2.60
1093252.00	2.40
1093263.00	2.44
1094055.00	2.63
1094174.00	2.52
1094810.00	2.58
1095031.00	2.67
1095790.00	2.83
1095833.00	2.46
1096641.00	2.31
1096923.00	2.24
1097417.00	2.37
1097733.00	2.70
1098270.00	2.58
1098370.00	2.94
1099055.00	3.05
1099409.00	2.40
1099896.00	2.31
1100387.00	2.37
1100676.00	2.47
1101208.00	2.68
1101513.00	2.59
1102086.00	2.50
1102336.00	2.52
1103080.00	2.38
1103164.00	2.37
1103869.00	2.65
1103929.00	2.76
1104651.00	2.77
1104760.00	2.66
1105414.00	2.69
1105527.00	2.80
1106342.00	2.72
1106375.00	2.43
1107116.00	2.50
1107247.00	2.61
1107931.00	2.54
1108035.00	2.67
1108731.00	2.70
1108776.00	2.79
1109535.00	2.78
1109711.00	2.48
1110316.00	2.52
1110590.00	2.59
1111116.00	2.56
1111383.00	2.69
1111819.00	2.87
1112163.00	2.90
1112613.00	2.72
1113070.00	2.53
1113340.00	2.65
1113888.00	2.78
1114141.00	2.65
1114680.00	2.69
1114890.00	2.78
1115488.00	2.75
1115680.00	2.68
1116385.00	2.55
1116427.00	2.63
1117178.00	2.78
1117220.00	2.70
1117911.00	2.90
1117958.00	2.92
1118692.00	2.74
1118742.00	2.74
1119422.00	2.83
1119612.00	2.70
1120200.00	2.61
1120476.00	2.62
1120791.00	3.05
1121236.00	3.22
1121554.00	2.81
1121952.00	2.90
1122286.00	2.96
1122798.00	2.73
1123046.00	2.68
1123702.00	2.60
1123789.00	2.63
1124446.00	2.88
1124535.00	2.87
1125189.00	3.08
1125194.00	3.07
1125926.00	2.88
1126008.00	2.77
1126533.00	3.08
1126763.00	3.19
1127254.00	2.91
1127466.00	3.01
1127876.00	3.24
1128165.00	3.25
1128594.00	3.02
1128941.00	2.87
1129223.00	3.08
1129697.00	3.12
1129923.00	2.95
1130370.00	3.12
1130605.00	3.16
1131084.00	3.07
1131299.00	3.04
1131837.00	2.97
1131913.00	3.17
1132549.00	3.25
1132590.00	3.09
1133169.00	3.35
1133198.00	3.50
1133835.00	3.53
1133842.00	3.27
1134491.00	3.33
1134563.00	3.12
1135153.00	3.09
1135279.00	3.11
1135726.00	3.37
1135903.00	3.59
1136382.00	3.35
1136561.00	3.26
1136960.00	3.48
1137265.00	3.38
1137604.00	3.19
1137951.00	3.22
1138251.00	3.21
1138547.00	3.45
1138895.00	3.46
1139126.00	3.51
1139448.00	3.79
1139820.00	3.48
1140084.00	3.23
1140463.00	3.35
1140777.00	3.21
1141036.00	3.41
1141415.00	3.54
1141631.00	3.48
1141976.00	3.71
1142315.00	3.47
1142603.00	3.27
1142964.00	3.36
1143173.00	3.53
1143509.00	3.84
1143797.00	3.68
1144018.00	3.82
1144367.00	3.98
1144699.00	3.45
1144977.00	3.33
1145418.00	3.25
1145544.00	3.38
1145946.00	3.92
1146148.00	3.81
1146360.00	4.37
1146738.00	4.41
1147043.00	3.39
1147332.00	3.38
1147692.00	3.45
1147878.00	3.61
1148242.00	3.91
1148466.00	3.77
1148837.00	3.62
1149007.00	3.78
1149517.00	3.56
1149585.00	3.43
1150065.00	3.81
1150132.00	3.91
1150606.00	3.93
1150710.00	3.83
1151137.00	3.87
1151272.00	3.92
1151808.00	3.51
1151844.00	3.47
1152399.00	3.53
1152423.00	3.67
1152968.00	3.63
1152979.00	3.82
1153465.00	4.08
1153501.00	4.21
1154029.00	3.95
1154166.00	3.52
1154546.00	3.68
1154795.00	3.77
1155110.00	3.61
1155360.00	3.80
1155637.00	3.93
1155918.00	3.95
1156193.00	3.85
1156572.00	3.56
1156721.00	3.67
1157163.00	3.84
1157278.00	3.73
1157734.00	3.80
1157764.00	4.08
1158312.00	3.83
1158318.00	3.79
1158827.00	3.92
1158968.00	3.73
1159376.00	3.60
1159548.00	3.80
1159791.00	4.42
1160118.00	4.45
1160330.00	3.87
1160695.00	3.85
1160851.00	3.91
1161339.00	3.71
1161393.00	3.64
1161923.00	3.68
1161981.00	3.69
1162459.00	3.66
1162549.00	3.88
1162932.00	4.15
1163086.00	4.26
1163471.00	3.98
1163722.00	3.67
1163909.00	4.13
1164406.00	4.01
1164440.00	3.59
1164898.00	3.91
1164970.00	4.24
1165433.00	3.90
1165539.00	3.88
1165900.00	4.18
1166166.00	4.01
1166425.00	3.75
1166754.00	3.86
1166942.00	3.89
1167301.00	4.03
1167471.00	3.99
1167849.00	3.98
1167941.00	4.23
1168461.00	4.01
1168463.00	3.80
1168911.00	4.12
1169065.00	4.16
1169436.00	3.82
1169604.00	4.03
1169944.00	4.10
1170177.00	3.98
1170464.00	3.93
1170782.00	3.83
1170920.00	4.13
1171362.00	4.20
1171442.00	3.90
1171891.00	4.08
1171903.00	4.35
1172410.00	4.38
1172421.00	4.13
1172947.00	4.10
1173009.00	3.83
1173470.00	3.83
1173603.00	3.84
1173922.00	4.17
1174122.00	4.43
1174444.00	4.12
1174670.00	4.01
1175015.00	3.83
1175259.00	3.69
1175545.00	3.84
1175838.00	3.87
1176013.00	4.15
1176339.00	4.43
1176537.00	4.18
1176827.00	4.24
1177018.00	4.43
1177413.00	4.06
1177548.00	3.85
1177962.00	3.98
1178033.00	4.16
1178451.00	4.40
1178557.00	4.24
1178958.00	4.16
1179049.00	4.29
1179543.00	4.00
1179576.00	3.86
1180092.00	3.90
1180100.00	4.00
1180569.00	4.35
1180617.00	4.32
1181007.00	4.49
1181102.00	4.65
1181592.00	4.03
1181626.00	3.87
1182111.00	4.04
1182210.00	3.94
1182630.00	3.80
1182663.00	4.43
1183018.00	5.09
1183125.00	5.18
1183601.00	4.00
1183648.00	3.89
1184156.00	3.98
1184160.00	4.02
1184623.00	4.39
1184678.00	4.36
1185128.00	4.19
1185185.00	4.23
1185703.00	3.98
1185708.00	3.91
1186166.00	4.21
1186168.00	4.65
1186624.00	4.69
1186683.00	4.42
1187070.00	4.47
1187162.00	4.64
1187633.00	4.14
1187687.00	3.95
1188148.00	4.12
1188179.00	4.25
1188612.00	4.48
1188701.00	4.36
1189045.00	4.53
1189197.00	4.64
1189596.00	4.10
1189722.00	3.99
1190118.00	4.10
1190183.00	4.37
1190590.00	4.60
1190706.00	4.32
1191050.00	4.38
1191197.00	4.51
1191592.00	4.16
1191725.00	4.01
1192083.00	4.21
1192127.00	4.85
1192554.00	4.94
1192646.00	4.34
1193034.00	4.29
1193151.00	4.35
1193571.00	4.12
1193677.00	4.03
1194050.00	4.28
1194191.00	4.32
1194519.00	4.37
1194714.00	4.34
1194993.00	4.31
1195176.00	4.58
1195521.00	4.35
1195700.00	4.08
1196053.00	4.06
1196128.00	4.51
1196520.00	4.78
1196645.00	4.36
1196964.00	4.48
1197095.00	4.80
1197488.00	4.43
1197611.00	4.12
1198056.00	3.96
1198067.00	4.23
1198527.00	4.63
1198578.00	4.38
1199002.00	4.35
1199082.00	4.38
1199525.00	4.18
1199593.00	4.14
1200020.00	4.25
1200048.00	4.52
1200481.00	4.68
1200550.00	4.46
1200944.00	4.45
1200984.00	4.78
1201469.00	4.51
1201488.00	4.17
1201976.00	4.24
1201982.00	4.29
1202443.00	4.52
1202475.00	4.47
1202910.00	4.79
1202933.00	4.65
1203406.00	4.35
1203456.00	4.22
1203841.00	4.51
1203956.00	4.60
1204335.00	4.31
1204414.00	4.52
1204830.00	4.51
1204867.00	4.53
1205322.00	4.54
1205389.00	4.22
1205744.00	4.59
1205912.00	4.59
1206232.00	4.24
1206370.00	4.53
1206765.00	4.35
1206854.00	4.23
1207258.00	4.39
1207379.00	4.22
1207687.00	4.53
1207898.00	4.56
1208170.00	4.28
1208349.00	4.59
1208611.00	4.81
1208789.00	4.87
1209094.00	4.66
1209322.00	4.23
1209538.00	4.42
1209822.00	4.56
1210013.00	4.40
1210270.00	4.64
1210458.00	4.79
1210738.00	4.70
1210933.00	4.55
1211278.00	4.24
1211397.00	4.30
1211796.00	4.38
1211868.00	4.35
1212236.00	4.71
1212302.00	4.90
1212643.00	5.10
1212770.00	4.92
1213194.00	4.24
1213201.00	4.44
1213662.00	4.27
1213779.00	4.15
1214102.00	4.26
1214207.00	4.94
1214544.00	5.61
1214565.00	5.49
1215016.00	5.56
1215103.00	4.30
1215473.00	4.26
1215635.00	4.35
1215921.00	4.40
1216086.00	4.77
1216380.00	4.71
1216575.00	4.53
1216782.00	4.86
1217135.00	4.57
1217236.00	4.27
1217583.00	4.75
1217657.00	4.93
1218028.00	4.95
1218115.00	4.75
1218466.00	4.78
1218542.00	4.95
1218998.00	4.80
1219016.00	4.30
1219431.00	4.42
1219521.00	4.59
1219888.00	4.46
1219977.00	4.70
1220290.00	5.02
1220404.00	5.18
1220745.00	4.87
1220947.00	4.34
1221173.00	4.48
1221465.00	4.58
1221631.00	4.41
1221930.00	4.64
1221980.00	5.37
1222386.00	5.41
1222432.00	4.71
1222873.00	4.77
1222925.00	4.42
1223331.00	4.33
1223413.00	4.54
1223782.00	4.57
1223878.00	4.67
1224237.00	4.65
1224356.00	4.59
1224642.00	4.89
1224891.00	4.65
1225101.00	4.34
1225364.00	4.60
1225477.00	5.11
1225831.00	5.14
1225933.00	4.64
1226303.00	4.62
1226330.00	4.97
1226789.00	4.61
1226829.00	4.37
1227194.00	4.69
1227355.00	4.68
1227649.00	4.39
1227820.00	4.66
1228102.00	4.67
1228260.00	4.80
1228562.00	4.77
1228778.00	4.40
1228971.00	4.69
1229338.00	4.53
1229429.00	4.25
1229802.00	4.65
1229825.00	5.01
1230270.00	4.99
1230287.00	4.61
1230738.00	4.67
1230785.00	4.46
1231199.00	4.41
1231270.00	4.53
1231603.00	4.87
1231723.00	5.02
1232067.00	4.67
1232177.00	4.67
1232476.00	4.98
1232688.00	4.71
1232939.00	4.41
1233190.00	4.45
1233406.00	4.43
1233637.00	4.68
1233874.00	4.68
1234113.00	4.54
1234276.00	4.91
1234620.00	4.78
1234744.00	4.41
1235104.00	4.51
1235256.00	4.30
1235546.00	4.51
1235729.00	4.69
1235982.00	4.72
1236147.00	5.02
1236484.00	4.70
1236617.00	4.42
1236986.00	4.42
1237048.00	4.62
1237422.00	4.94
1237522.00	4.72
1237884.00	4.58
1237958.00	4.77
1238384.00	4.60
1238429.00	4.42
1238869.00	4.58
1238876.00	4.62
1239303.00	4.95
1239342.00	4.77
1239718.00	4.84
1239804.00	4.90
1240218.00	4.46
1240273.00	4.43
1240687.00	4.57
1240708.00	4.75
1241106.00	5.02
1241176.00	4.85
1241541.00	4.75
1241607.00	4.95
1242045.00	4.62
1242069.00	4.44
1242508.00	4.56
1242525.00	4.68
1242931.00	5.08
1242971.00	4.96
1243306.00	5.17
1243423.00	5.23
1243811.00	4.49
1243882.00	4.46
1244329.00	4.52
1244345.00	4.40
1244739.00	5.12
1244787.00	5.06
1245044.00	5.86
1245186.00	6.21
1245548.00	4.80
1245638.00	4.49
1246032.00	4.58
1246056.00	4.77
1246440.00	5.19
1246510.00	4.99
1246879.00	4.80
1246933.00	4.97
1247381.00	4.67
1247382.00	4.52
1247785.00	5.03
1247808.00	5.16
1248185.00	5.20
1248258.00	5.07
1248576.00	5.12
1248649.00	5.48
1249071.00	4.91
1249092.00	4.58
1249510.00	4.73
1249524.00	4.93
1249934.00	5.17
1249953.00	5.04
1250290.00	5.79
1250318.00	5.97
1250725.00	5.26
1250808.00	4.65
1251150.00	4.71
1251275.00	4.82
1251589.00	4.74
1251696.00	4.98
1252018.00	5.03
1252110.00	5.08
1252453.00	5.05
1252598.00	4.66
1252836.00	4.99
1253044.00	5.20
1253271.00	4.87
1253470.00	4.99
1253628.00	5.51
1253906.00	5.45
1254056.00	4.96
1254398.00	4.68
1254428.00	5.06
1254836.00	5.33
1254858.00	4.93
1255235.00	5.29
1255267.00	5.33
1255659.00	5.02
1255704.00	4.98
1256076.00	5.01
1256195.00	4.75
1256500.00	4.71
1256687.00	4.71
1256878.00	5.01
1257122.00	5.29
1257297.00	5.01
1257536.00	5.14
1257658.00	5.55
1258026.00	5.15
1258081.00	4.72
1258486.00	4.82
1258558.00	4.65
1258904.00	4.58
1258999.00	4.99
1259267.00	5.38
1259443.00	5.36
1259685.00	4.97
1259932.00	4.75
1260052.00	5.12
1260397.00	5.23
1260465.00	4.90
1260832.00	5.07
1260883.00	5.03
1261266.00	5.02
1261298.00	5.04
1261655.00	5.46
1261757.00	5.19
1262068.00	4.78
1262241.00	4.81
1262521.00	4.58
1262674.00	4.84
1262940.00	5.04
1263134.00	4.89
1263308.00	5.24
1263625.00	5.09
1263721.00	4.78
1264097.00	4.87
1264103.00	5.07
1264519.00	4.85
1264527.00	5.07
1264903.00	5.29
1264952.00	5.32
1265318.00	5.11
1265443.00	4.76
1265707.00	4.93
1265934.00	4.93
1266126.00	4.74
1266362.00	5.06
1266537.00	5.11
1266815.00	4.96
1266953.00	4.93
1267305.00	4.76
1267343.00	4.93
1267764.00	4.74
1267790.00	4.76
1268149.00	4.99
1268209.00	5.34
1268567.00	5.12
1268619.00	5.18
1268966.00	5.30
1269112.00	4.86
1269388.00	4.72
1269574.00	4.86
1269801.00	4.91
1269987.00	5.19
1270219.00	5.16
1270414.00	5.08
1270632.00	5.11
1270910.00	4.76
1271057.00	4.69
1271380.00	4.80
1271427.00	5.17
1271778.00	5.59
1271850.00	5.23
1272147.00	5.44
1272240.00	5.64
1272641.00	4.91
1272667.00	4.68
1273069.00	4.84
1273161.00	4.73
1273495.00	4.57
1273546.00	5.30
1273843.00	6.11
1273902.00	6.23
1274335.00	4.65
1274711.00	5.03
1274803.00	5.14
1275142.00	4.77
1275198.00	5.20
1275551.00	5.34
1275622.00	5.15
1275982.00	5.01
1276107.00	4.69
1276316.00	5.42
1276497.00	5.96
1276747.00	5.24
1276882.00	5.28
1277167.00	5.33
1277257.00	5.40
1277606.00	5.30
1277729.00	4.71
1278035.00	4.77
1278164.00	4.96
1278471.00	4.92
1278554.00	5.21
1278861.00	5.50
1278918.00	5.70
1279298.00	5.41
1279381.00	4.77
1279660.00	5.27
1279822.00	5.39
1280095.00	4.90
1280219.00	5.16
1280474.00	5.52
1280608.00	5.58
1280912.00	5.20
1281064.00	4.79
1281295.00	5.15
1281480.00	5.38
1281728.00	5.05
1281877.00	5.17
1282156.00	5.20
1282284.00	5.14
1282590.00	5.11
1282738.00	4.84
1282977.00	5.13
1283144.00	5.41
1283407.00	5.14
1283542.00	5.19
1283775.00	5.59
1283943.00	5.58
1284208.00	5.16
1284392.00	4.86
1284625.00	4.96
1284842.00	4.95
1285052.00	4.89
1285240.00	5.21
1285425.00	5.56
1285617.00	5.71
1285851.00	5.36
1286061.00	4.92
1286227.00	5.26
1286545.00	5.07
1286651.00	4.74
1286943.00	5.22
1287078.00	5.20
1287346.00	5.17
1287505.00	5.17
1287790.00	4.93
1287868.00	5.37
1288210.00	5.50
1288292.00	5.08
1288603.00	5.26
1288755.00	5.04
1288995.00	5.05
1289179.00	5.27
1289439.00	4.94
1289554.00	5.27
1289877.00	5.30
1289974.00	5.00
1290268.00	5.30
1290359.00	5.53
1290684.00	5.36
1290783.00	5.11
1291128.00	4.94
1291168.00	5.18
1291554.00	5.29
1291584.00	5.09
1291946.00	5.31
1291974.00	5.49
1292331.00	5.54
1292392.00	5.35
1292777.00	4.97
1292800.00	5.02
1293212.00	5.00
1293224.00	5.00
1293594.00	5.20
1293618.00	5.52
1294008.00	5.31
1294032.00	5.17
1294385.00	5.43
1294483.00	5.22
1294793.00	5.01
1294929.00	5.04
1295181.00	5.16
1295318.00	5.51
1295590.00	5.37
1295695.00	5.46
1295990.00	5.52
1296155.00	5.00
1296395.00	4.97
1296587.00	5.13
1296792.00	5.18
1296971.00	5.48
1297198.00	5.42
1297373.00	5.30
1297554.00	5.68
1297840.00	5.32
1297956.00	4.96
1298286.00	5.07
1298326.00	5.29
1298664.00	5.72
1298732.00	5.48
1299015.00	5.70
1299110.00	5.89
1299486.00	5.12
1299511.00	4.95
1299895.00	5.07
1299987.00	4.93
1300297.00	4.81
1300357.00	5.57
1300643.00	6.41
1300650.00	6.78
1301051.00	6.42
1301119.00	4.93
1301429.00	5.09
1301574.00	5.19
1301833.00	5.01
1301957.00	5.44
1302139.00	6.29
1302370.00	6.09
1302538.00	5.28
1302846.00	4.94
1302929.00	5.00
1303231.00	5.54
1303331.00	5.45
1303609.00	5.50
1303727.00	5.53
1303979.00	5.58
1304129.00	5.55
1304449.00	4.95
1304486.00	5.29
1304878.00	5.50
1304891.00	5.13
1305223.00	5.72
1305268.00	5.97
1305623.00	5.42
1305632.00	5.62
1305975.00	5.98
1306097.00	5.35
1306378.00	4.96
1306538.00	5.09
1306734.00	5.45
1306937.00	5.70
1307134.00	5.36
1307330.00	5.40
1307530.00	5.43
1307791.00	5.03
1307936.00	4.96
1308210.00	5.19
1308295.00	5.54
1308612.00	5.65
1308695.00	5.35
1309022.00	5.30
1309043.00	5.69
1309446.00	5.28
1309481.00	5.00
1309838.00	5.08
1309891.00	5.35
1310240.00	5.28
1310292.00	5.33
1310592.00	5.71
1310698.00	5.68
1310996.00	5.28
1311152.00	5.00
1311350.00	5.38
1311608.00	5.38
1311751.00	5.02
1312010.00	5.33
1312158.00	5.30
1312389.00	5.46
1312564.00	5.46
1312838.00	5.04
1312912.00	5.47
1313316.00	5.05
1313326.00	4.86
1313726.00	5.34
1313759.00	5.10
1314130.00	5.07
1314171.00	5.26
1314532.00	5.61
1314575.00	5.37
1314939.00	5.04
1314998.00	5.17
1315315.00	5.39
1315391.00	5.59
1315725.00	5.34
1315783.00	5.33
1316104.00	5.56
1316226.00	5.25
1316512.00	5.04
1316662.00	5.07
1316896.00	5.25
1317051.00	5.55
1317310.00	5.34
1317463.00	5.19
1317714.00	5.26
1317903.00	5.09
1318124.00	5.04
1318325.00	5.14
1318507.00	5.33
1318709.00	5.59
1318919.00	5.39
1319089.00	5.42
1319298.00	5.64
1319526.00	5.27
1319706.00	5.08
1319964.00	5.07
1320096.00	5.19
1320348.00	5.54
1320506.00	5.41
1320752.00	5.27
1320908.00	5.32
1321191.00	5.10
1321315.00	5.08
1321622.00	5.12
1321714.00	5.17
1321998.00	5.54
1322123.00	5.48
1322361.00	5.58
1322480.00	5.94
1322802.00	5.42
1322888.00	5.06
1323217.00	5.21
1323261.00	5.44
1323584.00	5.77
1323669.00	5.54
1323968.00	5.42
1324050.00	5.61
1324413.00	5.21
1324457.00	5.04
1324837.00	5.16
1324844.00	5.30
1325196.00	5.76
1325250.00	5.63
1325529.00	5.86
1325606.00	6.22
1325975.00	5.41
1326013.00	5.04
1326395.00	5.22
1326451.00	5.06
1326797.00	5.91
1326802.00	5.72
1327068.00	6.59
1327111.00	7.43
1327513.00	6.63
1327516.00	5.05
1327907.00	5.11
1327945.00	5.22
1328307.00	5.68
1328314.00	5.60
1328696.00	5.39
1328713.00	5.44
1329117.00	5.41
1329144.00	5.05
1329474.00	5.38
1329506.00	5.96
1329861.00	6.00
1329882.00	5.64
1330211.00	5.70
1330216.00	6.27
1330615.00	5.75
1330653.00	5.10
1330967.00	5.46
1331059.00	5.68
1331370.00	5.30
1331425.00	5.59
1331724.00	5.96
1331767.00	6.16
1332124.00	5.81
1332206.00	5.12
1332518.00	5.17
1332622.00	5.29
1332919.00	5.25
1332999.00	5.52
1333274.00	5.87
1333368.00	5.93
1333667.00	5.62
1333803.00	5.18
1334010.00	5.58
1334201.00	5.82
1334407.00	5.40
1334581.00	5.51
1334791.00	5.61
1334969.00	5.56
1335184.00	5.48
1335405.00	5.18
1335526.00	5.59
1335795.00	5.88
1335922.00	5.46
1336178.00	5.50
1336264.00	5.91
1336563.00	5.90
1336653.00	5.54
1336997.00	5.22
1337046.00	5.19
1337433.00	5.18
1337437.00	5.20
1337771.00	5.66
1337818.00	6.00
1338158.00	5.56
1338182.00	5.72
1338582.00	5.47
1338613.00	5.01
1338972.00	5.23
1339082.00	5.04
1339315.00	5.41
1339469.00	5.89
1339699.00	5.56
1339860.00	5.54
1340053.00	5.77
1340291.00	5.52
1340442.00	5.25
1340702.00	5.37
1340795.00	5.63
1341083.00	5.84
1341179.00	5.61
1341464.00	5.60
1341538.00	5.79
1341897.00	5.46
1341923.00	5.26
1342299.00	5.33
1342323.00	5.36
1342682.00	5.31
1342703.00	5.61
1343038.00	5.83
1343107.00	5.67
1343420.00	5.45
1343539.00	5.29
1343773.00	5.52
1343953.00	5.63
1344152.00	5.43
1344331.00	5.67
1344515.00	5.79
1344703.00	5.83
1344897.00	5.68
1345134.00	5.29
1345271.00	5.36
1345564.00	5.36
1345650.00	5.31
1345940.00	5.67
1346023.00	5.73
1346337.00	5.58
1346404.00	5.52
1346740.00	5.90
1346767.00	5.69
1347118.00	5.32
1347191.00	5.36
1347469.00	5.58
1347558.00	5.96
1347852.00	5.71
1347915.00	5.80
1348208.00	6.02
1348346.00	5.49
1348588.00	5.30
1348752.00	5.46
1348952.00	5.58
1349112.00	5.93
1349334.00	5.79
1349485.00	5.67
1349668.00	6.08
1349919.00	5.67
1350050.00	5.28
1350332.00	5.40
1350409.00	5.58
1350682.00	6.05
1350794.00	5.86
1351004.00	6.12
1351084.00	7.01
1351437.00	6.15
1351463.00	5.30
1351834.00	5.37
1351899.00	5.22
1352218.00	5.11
1352233.00	6.00
1352495.00	6.88
1352595.00	6.93
1352928.00	5.32
1352979.00	5.28
1353318.00	5.64
1353343.00	5.74
1353692.00	6.23
1353703.00	5.85
1354020.00	6.46
1354067.00	6.25
1354402.00	5.66
1354499.00	5.28
1354737.00	5.69
1354848.00	6.28
1355122.00	5.86
1355190.00	5.90
1355459.00	6.30
1355525.00	6.38
1355841.00	6.01
1355949.00	5.33
1356220.00	5.35
1356340.00	5.57
1356605.00	5.54
1356689.00	5.87
1356946.00	6.21
1357016.00	6.42
1357328.00	6.09
1357434.00	5.37
1357658.00	5.82
1357833.00	5.95
1358041.00	5.49
1358191.00	5.79
1358413.00	5.87
1358544.00	5.91
1358796.00	5.83
1358958.00	5.38
1359129.00	5.80
1359337.00	6.05
1359513.00	5.63
1359699.00	5.75
1359848.00	6.16
1360068.00	6.11
1360230.00	5.72
1360481.00	5.40
1360615.00	5.37
1360852.00	5.66
1360999.00	5.68
1361216.00	5.73
1361329.00	6.19
1361582.00	6.17
1361711.00	5.74
1361994.00	5.41
1362130.00	5.15
1362409.00	5.13
1362518.00	5.34
1362774.00	5.69
1362859.00	6.07
1363120.00	6.24
1363241.00	5.91
1363531.00	5.42
1363595.00	5.65
1363977.00	5.43
1363979.00	5.19
1364334.00	5.42
1364347.00	5.93
1364715.00	5.71
1364719.00	5.69
1365075.00	5.86
1365130.00	5.59
1365460.00	5.38
1365524.00	5.50
1365836.00	5.57
1365890.00	5.78
1366219.00	5.73
1366256.00	5.71
1366575.00	5.93
1366672.00	5.58
1366958.00	5.38
1367084.00	5.40
1367310.00	5.64
1367452.00	5.95
1367687.00	5.74
1367844.00	5.57
1368050.00	5.69
1368264.00	5.51
1368430.00	5.37
1368667.00	5.46
1368803.00	5.53
1369038.00	5.77
1369181.00	5.72
1369402.00	5.78
1369553.00	5.84
1369827.00	5.41
1369932.00	5.35
1370251.00	5.36
1370263.00	5.75
1370624.00	6.10
1370639.00	5.73
1370987.00	5.97
1371017.00	5.80
1371364.00	5.55
1371445.00	5.34
1371717.00	5.54
1371868.00	5.57
1372093.00	5.38
1372236.00	5.76
1372451.00	5.90
1372594.00	5.99
1372828.00	5.85
1373027.00	5.32
1373159.00	5.71
1373436.00	5.87
1373533.00	5.49
1373799.00	5.81
1373886.00	5.98
1374176.00	5.87
1374264.00	5.67
1374550.00	6.60
1374616.00	6.19
1374921.00	5.32
1375035.00	5.44
1375284.00	5.51
1375391.00	5.97
1375660.00	5.87
1375719.00	6.10
1376031.00	6.15
1376162.00	5.31
1376403.00	5.30
1376635.00	5.15
1376737.00	5.48
1376977.00	6.33
1377114.00	5.96
1377245.00	6.84
1377423.00	7.47
1377691.00	5.88
1377796.00	5.27
1378118.00	5.38
1378122.00	5.79
1378477.00	6.28
1378497.00	5.85
1378828.00	6.24
1378864.00	6.02
1379200.00	5.65
1379308.00	5.29
1379570.00	5.31
1379668.00	5.89
1379946.00	5.83
1380021.00	5.89
1380278.00	6.26
1380366.00	6.31
1380651.00	5.97
1380803.00	5.32
1380974.00	5.78
1381204.00	6.00
1381350.00	5.53
1381566.00	5.82
1381713.00	5.93
1381902.00	6.15
1382087.00	6.05
1382331.00	5.37
1382414.00	5.78
1382739.00	5.89
1382790.00	5.47
1383107.00	5.77
1383120.00	6.17
1383467.00	6.23
1383493.00	5.85
1383871.00	5.82
1383889.00	5.38
1384249.00	5.38
1384275.00	5.62
1384572.00	6.10
1384641.00	6.23
1384947.00	5.77
1385016.00	5.72
1385361.00	5.45
1385435.00	5.14
1385744.00	5.35
1385809.00	5.67
1386078.00	6.06
1386176.00	6.12
1386457.00	5.75
1386545.00	5.74
1386806.00	5.98
1386958.00	5.67
1387188.00	5.41
1387374.00	5.39
1387539.00	5.63
1387739.00	5.99
1387917.00	5.77
1388085.00	5.91
1388273.00	6.09
1388495.00	5.62
1388657.00	5.41
1388941.00	5.20
1389030.00	5.27
1389309.00	5.79
1389410.00	5.74
1389679.00	5.72
1389762.00	5.94
1390088.00	5.67
1390142.00	5.44
1390477.00	5.57
1390492.00	5.82
1390838.00	6.02
1390868.00	5.81
1391198.00	5.82
1391231.00	5.93
1391609.00	5.44
1391980.00	5.51
1392013.00	5.55
1392356.00	5.51
1392375.00	5.81
1392726.00	5.85
1392758.00	5.69
1393104.00	5.64
1393166.00	5.45
1393435.00	5.86
1393560.00	5.97
1393810.00	5.59
1393917.00	5.86
1394156.00	6.09
1394270.00	6.13
1394535.00	5.86
1394679.00	5.44
1394887.00	5.66
1395088.00	5.66
1395261.00	5.48
1395445.00	5.86
1395621.00	5.98
1395822.00	5.82
1395996.00	5.69
1396232.00	5.47
1396326.00	5.86
1396637.00	5.90
1396700.00	5.51
1396987.00	5.92
1397053.00	6.09
1397327.00	6.18
1397429.00	6.00
1397715.00	6.91
1397739.00	6.36
1398084.00	5.49
1398127.00	5.65
1398446.00	5.72
1398471.00	6.07
1398821.00	5.97
1398831.00	5.84
1399188.00	5.90
1399247.00	5.49
1399560.00	5.46
1399644.00	5.58
1399888.00	5.95
1399979.00	6.45
1400263.00	6.06
1400290.00	6.31
1400568.00	6.94
1400709.00	6.06
1400938.00	5.46
1401154.00	5.31
1401261.00	5.73
1401479.00	6.61
1401630.00	6.20
1401732.00	7.12
1401956.00	7.50
1402152.00	5.84
1402323.00	5.47
1402555.00	5.58
1402687.00	5.61
1402893.00	6.12
1403057.00	6.08
1403258.00	5.84
1403384.00	6.23
1403678.00	5.84
1403748.00	5.50
1404017.00	6.11
1404065.00	6.55
1404351.00	6.61
1404431.00	6.13
1404675.00	6.23
1404786.00	6.33
1405087.00	5.62
1405150.00	5.54
1405467.00	5.77
1405470.00	6.18
1405809.00	6.50
1405834.00	6.07
1406126.00	6.30
1406152.00	6.74
1406514.00	6.33
1406534.00	5.59
1406879.00	5.57
1406921.00	5.70
1407243.00	5.71
1407270.00	6.01
1407553.00	6.52
1407613.00	6.59
1407913.00	6.11
1408016.00	5.64
1408309.00	5.36
1408383.00	5.61
1408672.00	5.86
1408733.00	6.01
1408992.00	6.42
1409092.00	6.35
1409350.00	5.98
1409494.00	5.66
1409681.00	5.91
1409853.00	6.22
1410041.00	5.96
1410205.00	6.02
1410372.00	6.29
1410560.00	6.27
1410728.00	6.03
1410959.00	5.69
1411064.00	5.88
1411359.00	5.87
1411422.00	5.67
1411712.00	6.03
1411773.00	6.09
1412046.00	6.26
1412129.00	6.22
1412443.00	5.72
1412460.00	5.94
1412818.00	5.70
1412872.00	5.49
1413146.00	5.78
1413227.00	6.28
1413500.00	6.04
1413586.00	6.03
1413840.00	6.14
1413980.00	5.87
1414196.00	5.72
1414357.00	5.84
1414545.00	5.91
1414707.00	6.14
1414901.00	6.08
1415057.00	6.07
1415250.00	6.13
1415452.00	5.77
1415608.00	5.70
1415843.00	5.74
1415922.00	6.16
1416192.00	6.49
1416276.00	6.09
1416562.00	5.92
1416606.00	6.15
1416956.00	5.96
1416965.00	5.69
1417301.00	5.91
1417337.00	6.02
1417659.00	5.81
1417683.00	6.09
1418002.00	6.22
1418023.00	6.27
1418362.00	6.12
1418418.00	5.69
1418678.00	6.11
1418812.00	6.11
1419038.00	5.69
1419158.00	6.08
1419378.00	6.25
1419522.00	6.10
1419741.00	5.90
1419917.00	5.66
1420017.00	6.59
1420308.00	6.62
1420378.00	5.71
1420647.00	6.13
1420729.00	6.21
1420975.00	6.32
1421094.00	6.19
1421374.00	5.61
1421453.00	5.67
1421750.00	5.83
1421816.00	5.80
1422085.00	6.16
1422141.00	6.50
1422431.00	6.38
1422506.00	6.02
1422806.00	6.66
1422835.00	6.23
1423169.00	5.61
1423222.00	5.72
1423486.00	6.16
1423548.00	6.68
1423850.00	6.95
1423852.00	6.49
1424172.00	6.89
1424257.00	5.97
1424534.00	5.59
1424690.00	5.44
1424894.00	5.46
1425008.00	6.36
1425254.00	7.32
1425259.00	7.26
1425583.00	7.65
1425665.00	5.92
1425945.00	5.56
1426060.00	5.68
1426257.00	6.15
1426390.00	6.67
1426622.00	6.17
1426748.00	5.93
1426973.00	6.06
1427160.00	5.66
1427335.00	5.56
1427493.00	6.18
1427652.00	6.62
1427819.00	6.66
1428014.00	6.23
1428140.00	6.31
1428332.00	6.73
1428546.00	6.02
1428691.00	5.62
1428921.00	5.83
1429055.00	5.80
1429257.00	6.13
1429419.00	6.13
1429572.00	6.35
1429728.00	6.88
1429975.00	6.12
1430088.00	5.64
1430359.00	5.77
1430483.00	5.49
1430705.00	5.80
1430845.00	6.05
1431045.00	6.11
1431165.00	6.51
1431446.00	6.03
1431523.00	5.66
1431813.00	5.91
1431854.00	6.16
1432162.00	6.31
1432216.00	6.03
1432520.00	5.96
1432548.00	6.24
1432904.00	6.00
1432922.00	5.67
1433239.00	5.87
1433282.00	6.17
1433600.00	5.95
1433635.00	6.01
1433952.00	6.09
1433990.00	6.08
1434307.00	6.04
1434391.00	5.69
1434639.00	5.90
1434794.00	5.88
1434997.00	5.65
1435149.00	6.00
1435324.00	6.28
1435486.00	6.45
1435678.00	6.20
1435887.00	5.70
1436016.00	5.85
1436320.00	5.64
1436371.00	5.49
1436679.00	6.01
1436719.00	6.06
1437042.00	6.04
1437072.00	5.99
1437419.00	6.05
1437443.00	5.76
1437772.00	5.69
1437825.00	5.83
1438083.00	6.26
1438179.00	6.49
1438434.00	6.09
1438534.00	6.07
1438758.00	6.32
1438939.00	5.95
1439112.00	5.67
1439336.00	5.73
1439442.00	5.95
1439692.00	6.25
1439793.00	6.06
1440069.00	5.89
1440128.00	6.05
1440472.00	5.86
1440480.00	5.69
1440788.00	6.13
1440861.00	6.23
1441138.00	5.81
1441214.00	6.09
1441469.00	6.28
1441563.00	6.31
1441820.00	6.13
1441967.00	5.71
1442087.00	6.65
1442372.00	6.65
1442435.00	5.74
1442726.00	6.11
1442775.00	6.18
1443100.00	6.02
1443126.00	5.92
1443473.00	5.95
1443504.00	5.73
1443821.00	5.73
1443905.00	5.75
1444133.00	6.10
1444254.00	6.51
1444485.00	6.12
1444591.00	6.22
1444775.00	6.87
1444999.00	6.32
1445122.00	5.71
1445385.00	5.87
1445429.00	6.27
1445726.00	6.62
1445782.00	6.17
1446083.00	6.05
1446090.00	6.49
1446439.00	6.08
1446495.00	5.67
1446786.00	5.69
1446890.00	5.81
1447139.00	5.75
1447225.00	6.25
1447450.00	6.65
1447532.00	6.93
1447799.00	6.56
1447949.00	5.64
1448101.00	6.11
1448391.00	5.97
1448452.00	5.47
1448713.00	6.38
1448792.00	6.49
1448964.00	7.43
1449142.00	7.33
1449382.00	5.62
1449449.00	6.06
1449782.00	6.18
1449800.00	5.73
1450109.00	6.13
1450118.00	6.64
1450456.00	6.27
1450481.00	6.04
1450809.00	5.98
1450897.00	5.61
1451160.00	5.63
1451233.00	6.24
1451461.00	6.75
1451563.00	6.80
1451810.00	6.31
1451886.00	6.38
1452197.00	6.09
1452294.00	5.41
1452549.00	5.67
1452670.00	5.90
1452859.00	6.31
1453007.00	6.63
1453209.00	6.25
1453321.00	6.49
1453531.00	6.75
1453724.00	5.99
1453883.00	5.71
1454106.00	5.85
1454206.00	6.12
1454451.00	6.42
1454555.00	6.18
1454788.00	6.26
1454883.00	6.43
1455186.00	5.95
1455236.00	5.72
1455549.00	5.99
1455580.00	6.08
1455895.00	6.22
1455929.00	6.16
1456248.00	6.11
1456255.00	6.33
1456606.00	6.09
1456643.00	5.76
1456927.00	6.05
1456999.00	6.35
1457275.00	6.10
1457345.00	6.18
1457606.00	6.33
1457694.00	6.30
1457956.00	6.14
1458087.00	5.79
1458297.00	5.86
1458482.00	5.85
1458646.00	5.79
1458830.00	6.15
1458987.00	6.22
1459159.00	6.41
1459337.00	6.33
1459549.00	5.81
1459643.00	6.25
1459973.00	6.03
1459989.00	5.62
1460312.00	5.85
1460323.00	6.39
1460663.00	6.13
1460674.00	6.12
1460989.00	6.36
1461063.00	6.06
1461337.00	5.84
1461433.00	5.97
1461670.00	6.12
1461778.00	6.33
1462021.00	6.16
1462121.00	6.18
1462326.00	6.63
1462511.00	6.25
1462674.00	5.82
1462895.00	5.87
1463005.00	6.02
1463239.00	6.36
1463354.00	6.19
1463602.00	6.02
1463620.00	6.98
1463967.00	6.05
1463990.00	5.85
1464305.00	5.92
1464366.00	6.02
1464653.00	5.93
1464706.00	6.23
1464998.00	6.25
1465042.00	6.29
1465346.00	6.27
1465430.00	5.85
1465655.00	6.23
1465820.00	6.22
1466005.00	5.81
1466161.00	6.21
1466292.00	6.88
1466520.00	6.71
1466638.00	6.08
1466911.00	5.85
1466942.00	6.26
1467291.00	5.82
1467297.00	5.85
1467596.00	6.27
1467632.00	6.70
1467941.00	6.31
1467956.00	6.42
1468284.00	6.43
1468352.00	5.83
1468632.00	5.79
1468722.00	5.98
1468941.00	6.35
1469053.00	6.69
1469286.00	6.34
1469396.00	6.24
1469585.00	6.73
1469795.00	6.28
1469931.00	5.77
1470177.00	5.90
1470268.00	5.99
1470499.00	6.50
1470614.00	6.43
1470795.00	6.72
1470916.00	7.16
1471197.00	6.21
1471263.00	5.74
1471568.00	6.19
1471623.00	6.04
1471910.00	5.64
1471935.00	6.56
1472177.00	7.55
1472259.00	7.50
1472580.00	5.74
1472606.00	5.74
1472901.00	6.29
1472967.00	6.40
1473247.00	5.87
1473292.00	6.40
1473627.00	6.11
1473641.00	5.89
1473976.00	6.15
1474044.00	5.74
1474282.00	6.15
1474368.00	6.79
1474629.00	6.40
1474689.00	6.44
1474946.00	6.71
1474999.00	6.82
1475295.00	6.53
1475395.00	5.79
1475615.00	6.05
1475758.00	6.29
1475960.00	6.05
1476085.00	6.38
1476286.00	6.57
1476390.00	6.80
1476636.00	6.56
1476779.00	5.81
1476976.00	5.89
1477150.00	6.04
1477324.00	5.98
1477485.00	6.28
1477646.00	6.52
1477812.00	6.61
1477996.00	6.35
1478197.00	5.84
1478315.00	6.15
1478550.00	6.40
1478661.00	6.12
1478886.00	6.27
1478993.00	6.42
1479229.00	6.37
1479340.00	6.21
1479614.00	5.86
1479679.00	5.94
1479960.00	6.26
1480027.00	6.18
1480297.00	6.26
1480367.00	6.33
1480637.00	6.31
1480716.00	6.23
1481020.00	5.86
1481022.00	6.29
1481366.00	5.90
1481405.00	5.90
1481688.00	6.12
1481745.00	6.49
1482038.00	6.21
1482066.00	6.41
1482364.00	6.64
1482447.00	6.10
1482710.00	5.90
1482861.00	5.68
1483043.00	5.81
1483204.00	6.35
1483392.00	6.19
1483548.00	6.19
1483698.00	6.62
1483929.00	6.30
1484046.00	5.89
1484293.00	6.03
1484375.00	6.21
1484630.00	6.44
1484724.00	6.25
1484968.00	6.24
1484990.00	7.19
1485337.00	6.26
1485352.00	5.88
1485675.00	5.96
1485730.00	6.00
1486023.00	5.91
1486069.00	6.23
1486368.00	6.26
1486427.00	6.11
1486714.00	6.10
1486810.00	5.89
1487023.00	6.26
1487181.00	6.36
1487373.00	5.95
1487518.00	6.24
1487662.00	6.90
1487850.00	6.94
1488006.00	6.33
1488236.00	5.89
1488311.00	6.30
1488622.00	6.30
1488658.00	5.86
1488960.00	6.26
1488964.00	6.68
1489309.00	6.26
1489317.00	6.10
1489654.00	6.11
1489706.00	5.87
1490002.00	5.84
1490089.00	5.87
1490310.00	6.27
1490422.00	6.69
1490657.00	6.31
1490745.00	6.42
1490955.00	6.92
1491137.00	6.32
1491301.00	5.82
1491506.00	6.00
1491639.00	6.07
1491836.00	6.42
1491984.00	6.36
1492177.00	6.25
1492287.00	6.70
1492573.00	6.24
1492633.00	5.79
1492939.00	6.21
1492955.00	6.32
1493275.00	6.86
1493281.00	6.48
1493573.00	6.73
1493630.00	6.67
1493976.00	5.76
1494271.00	6.29
1494401.00	6.15
1494615.00	5.64
1494716.00	6.53
1494958.00	7.55
1494994.00	7.26
1495339.00	7.52
1495365.00	5.73
1495644.00	6.14
1495753.00	6.27
1495987.00	5.89
1496082.00	6.39
1496302.00	6.64
1496434.00	6.44
1496648.00	6.16
1496842.00	5.73
1496965.00	6.01
1497171.00	6.64
1497306.00	6.39
1497496.00	6.43
1497628.00	6.63
1497812.00	6.73
1497970.00	6.52
1498214.00	5.80
1498307.00	5.85
1498585.00	6.07
1498647.00	6.03
1498918.00	6.37
1498965.00	6.59
1499231.00	6.80
1499308.00	6.56
1499621.00	6.85
1499629.00	6.11
1499961.00	5.85
1500009.00	5.99
1500286.00	6.12
1500351.00	6.43
1500626.00	6.29
1500689.00	6.34
1500958.00	6.39
1501085.00	5.91
1501298.00	5.85
1501446.00	6.12
1501630.00	6.19
1501792.00	6.33
1501969.00	6.26
1502144.00	6.21
1502267.00	6.66
1502540.00	6.30
1502605.00	5.88
1502895.00	6.20
1502917.00	6.46
1503242.00	6.52
1503258.00	6.24
1503576.00	6.45
1503591.00	6.44
1503913.00	6.25
1503985.00	5.90
1504235.00	6.05
1504381.00	6.03
1504576.00	5.85
1504730.00	6.22
1504871.00	6.70
1505060.00	6.88
1505207.00	6.43
1505452.00	5.93
1505527.00	6.10
1505864.00	5.92
1505878.00	5.70
1506120.00	6.70
1506230.00	7.23
1506456.00	6.25
1506584.00	6.22
1506784.00	6.30
1506976.00	6.01
1507120.00	5.92
1507350.00	6.06
1507453.00	6.09
1507697.00	6.30
1507788.00	6.28
1508043.00	6.29
1508088.00	6.68
1508424.00	6.27
1508437.00	5.90
1508703.00	6.58
1508826.00	6.61
1509035.00	5.98
1509172.00	6.31
1509329.00	6.75
1509540.00	6.57
1509666.00	6.10
1509933.00	5.92
1509960.00	6.37
1510293.00	5.95
1510310.00	6.05
1510624.00	6.07
1510655.00	6.34
1510961.00	6.29
1510994.00	6.36
1511257.00	6.77
1511387.00	6.34
1511590.00	5.95
1511780.00	5.93
1511879.00	6.42
1512124.00	6.82
1512214.00	6.32
1512486.00	6.17
1512538.00	6.27
1512872.00	6.17
1512880.00	5.93
1513165.00	6.38
1513269.00	6.41
1513497.00	5.98
1513606.00	6.40
1513791.00	6.82
1513932.00	6.94
1514123.00	6.52
1514327.00	5.93
1514459.00	5.90
1514701.00	6.07
1514793.00	6.08
1515033.00	6.42
1515080.00	6.95
1515377.00	6.85
1515411.00	6.37
1515776.00	5.61
1516113.00	5.86
1516159.00	5.99
1516406.00	6.46
1516481.00	6.98
1516737.00	6.57
1516780.00	6.83
1517044.00	7.07
1517182.00	6.15
1517379.00	5.87
1517609.00	5.71
1517683.00	6.02
1517921.00	6.94
1518014.00	6.67
1518164.00	7.64
1518326.00	7.84
1518569.00	6.08
1518658.00	5.89
1518956.00	6.00
1518985.00	6.04
1519281.00	6.57
1519317.00	6.51
1519624.00	6.80
1519631.00	6.56
1519957.00	6.27
1520034.00	5.87
1520264.00	6.16
1520359.00	6.80
1520593.00	6.54
1520679.00	6.59
1520909.00	6.74
1520991.00	6.82
1521242.00	6.65
1521387.00	5.92
1521567.00	6.01
1521752.00	6.25
1521898.00	6.17
1522078.00	6.52
1522224.00	6.58
1522383.00	6.80
1522559.00	6.71
1522772.00	5.95
1522848.00	6.46
1523145.00	6.58
1523180.00	6.10
1523479.00	6.43
1523488.00	6.68
1523806.00	6.75
1523821.00	6.50
1524133.00	6.71
1524192.00	6.21
1524465.00	6.00
1524545.00	6.26
1524783.00	6.40
1524881.00	6.56
1525117.00	6.40
1525224.00	6.35
1525410.00	6.77
1525608.00	6.43
1525742.00	6.02
1525955.00	6.33
1526055.00	6.52
1526292.00	6.60
1526390.00	6.37
1526631.00	6.36
1526645.00	7.37
1526976.00	6.40
1527013.00	6.04
1527300.00	6.12
1527398.00	6.10
1527635.00	5.99
1527737.00	6.36
1527964.00	6.42
1528056.00	6.61
1528297.00	6.55
1528438.00	6.02
1528595.00	6.40
1528851.00	6.19
1528929.00	5.81
1529192.00	6.36
1529205.00	7.04
1529536.00	7.00
1529538.00	6.31
1529830.00	6.78
1529917.00	6.50
1530164.00	6.02
1530280.00	6.17
1530458.00	6.61
1530617.00	6.83
1530790.00	6.39
1530954.00	6.39
1531120.00	6.43
1531337.00	6.06
1531456.00	5.99
1531715.00	6.01
1531752.00	6.44
1532054.00	6.78
1532084.00	6.39
1532369.00	6.92
1532411.00	6.77
1532704.00	6.21
1532794.00	5.99
1533028.00	6.11
1533164.00	6.22
1533359.00	6.14
1533500.00	6.42
1533652.00	6.84
1533832.00	6.89
1533985.00	6.45
1534216.00	6.00
1534278.00	6.44
1534601.00	6.44
1534609.00	6.03
1534939.00	6.41
1534944.00	6.36
1535277.00	6.38
1535294.00	6.23
1535563.00	6.77
1535680.00	6.53
1535893.00	6.01
1536063.00	6.04
1536258.00	5.74
1536393.00	6.18
1536593.00	6.45
1536715.00	6.54
1536887.00	6.97
1537106.00	6.38
1537219.00	5.98
1537473.00	6.15
1537524.00	6.42
1537800.00	6.78
1537858.00	6.49
1538140.00	6.37
1538165.00	6.64
1538496.00	6.39
1538535.00	5.95
1538808.00	6.15
1538915.00	6.26
1539141.00	6.04
1539234.00	6.56
1539468.00	6.62
1539529.00	6.92
1539800.00	6.87
1539928.00	5.91
1540108.00	6.16
1540352.00	6.00
1540443.00	5.73
1540662.00	6.66
1540748.00	6.95
1540903.00	7.96
1541078.00	7.71
1541306.00	5.91
1541395.00	6.05
1541691.00	6.17
1541727.00	6.01
1542016.00	6.52
1542052.00	6.59
1542365.00	6.36
1542385.00	6.29
1542710.00	6.37
1542769.00	5.96
1543043.00	5.87
1543094.00	6.51
1543335.00	6.96
1543414.00	7.03
1543666.00	6.60
1543728.00	6.66
1543973.00	6.89
1544125.00	6.17
1544307.00	5.90
1544493.00	6.12
1544620.00	6.34
1544821.00	6.69
1544953.00	6.48
1545127.00	6.70
1545272.00	6.86
1545521.00	6.09
1545607.00	5.92
1545896.00	6.06
1545900.00	6.52
1546233.00	6.83
1546235.00	6.38
1546551.00	6.56
1546563.00	6.62
1546889.00	6.42
1546953.00	5.92
1547145.00	6.91
1547309.00	7.18
1547478.00	6.22
1547649.00	6.38
1547806.00	6.42
1547994.00	6.37
1548144.00	6.27
1548382.00	5.93
1548478.00	5.98
1548732.00	6.28
1548815.00	6.25
1549073.00	6.33
1549116.00	6.71
1549417.00	6.68
1549455.00	6.28
1549736.00	6.92
1549804.00	6.58
1550074.00	5.95
1550194.00	5.92
1550370.00	6.35
1550537.00	6.74
1550711.00	6.28
1550863.00	6.44
1551009.00	6.88
1551249.00	6.37
1551347.00	5.94
1551668.00	5.72
1551683.00	5.74
1552015.00	6.28
1552025.00	6.23
1552327.00	6.64
1552365.00	6.62
1552666.00	6.24
1552751.00	5.94
1552958.00	6.44
1553121.00	6.57
1553300.00	6.03
1553463.00	6.25
1553629.00	6.38
1553806.00	6.38
1553969.00	6.27
1554195.00	5.90
1554265.00	6.37
1554579.00	6.41
1554604.00	5.95
1554903.00	6.38
1554923.00	6.72
1555240.00	6.30
1555287.00	6.13
1555580.00	6.09
1555676.00	5.90
1555921.00	5.90
1556051.00	6.00
1556212.00	6.54
1556393.00	6.82
1556549.00	6.32
1556729.00	6.37
1556921.00	6.07
1557119.00	5.64
1557262.00	5.88
1557511.00	5.87
1557561.00	6.32
1557853.00	6.70
1557899.00	6.30
1558210.00	6.57
1558213.00	6.42
1558550.00	6.13
1558606.00	5.88
1558861.00	6.17
1558993.00	6.21
1559197.00	5.95
1559331.00	6.37
1559514.00	6.56
1559656.00	6.66
1559851.00	6.46
1560054.00	5.87
1560183.00	5.93
1560427.00	6.11
1560520.00	6.05
1560760.00	6.40
1560832.00	6.67
1561105.00	6.54
1561170.00	6.27
1561479.00	6.56
1561507.00	6.13
1561813.00	5.88
1561893.00	5.99
1562131.00	6.13
1562216.00	6.67
1562468.00	6.49
1562516.00	6.76
1562794.00	6.87
1562922.00	5.92
1563130.00	5.83
1563352.00	5.69
1563458.00	5.77
1563667.00	6.68
1563794.00	6.59
1563911.00	7.58
1564085.00	8.07
1564319.00	6.31
1564420.00	5.83
1564710.00	5.95
1564728.00	6.22
1565039.00	6.74
1565064.00	6.46
1565377.00	6.69
1565391.00	6.46
1565709.00	6.26
1565799.00	5.84
1566026.00	6.01
1566127.00	6.66
1566361.00	6.47
1566450.00	6.51
1566654.00	6.98
1566764.00	7.08
1566984.00	6.66
1567165.00	5.92
1567298.00	6.08
1567533.00	6.33
1567632.00	6.13
1567863.00	6.46
1567886.00	7.48
1568172.00	7.71
1568214.00	6.73
1568538.00	6.79
1568564.00	6.05
1568870.00	5.95
1568940.00	6.06
1569196.00	6.13
1569279.00	6.45
1569527.00	6.41
1569609.00	6.48
1569823.00	6.85
1569999.00	6.36
1570155.00	5.98
1570355.00	6.25
1570428.00	6.94
1570693.00	7.10
1570758.00	6.42
1571038.00	6.35
1571046.00	6.82
1571378.00	6.33
1571426.00	5.99
1571671.00	6.43
1571774.00	6.75
1572000.00	6.34
1572113.00	6.41
1572326.00	6.45
1572454.00	6.43
1572660.00	6.34
1572838.00	6.00
1572954.00	6.44
1573224.00	6.42
1573283.00	6.03
1573564.00	6.41
1573568.00	6.91
1573884.00	7.10
1573902.00	6.56
1574222.00	6.69
1574265.00	6.16
1574553.00	6.05
1574678.00	5.83
1574844.00	6.29
1575018.00	6.84
1575175.00	6.39
1575361.00	6.37
1575467.00	6.80
1575740.00	6.49
1575798.00	6.06
1576102.00	6.21
1576134.00	6.15
1576436.00	6.38
1576466.00	6.42
1576751.00	6.97
1576771.00	6.97
1577083.00	6.42
1577150.00	6.05
1577449.00	5.75
1577525.00	5.78
1577783.00	6.06
1577860.00	6.40
1578079.00	6.82
1578213.00	6.65
1578410.00	6.28
1578592.00	6.07
1578716.00	6.31
1578957.00	6.42
1579051.00	6.13
1579288.00	6.44
1579358.00	6.73
1579614.00	6.77
1579689.00	6.52
1579992.00	6.06
1580002.00	6.25
1580336.00	6.03
1580371.00	6.03
1580663.00	6.11
1580703.00	6.52
1580995.00	6.46
1581052.00	6.29
1581305.00	6.53
1581430.00	6.31
1581637.00	6.06
1581804.00	6.08
1581944.00	6.36
1582128.00	6.81
1582273.00	6.57
1582442.00	6.68
1582588.00	6.80
1582825.00	6.19
1582921.00	6.03
1583183.00	6.21
1583245.00	6.29
1583503.00	6.66
1583577.00	6.59
1583831.00	6.49
1583901.00	6.56
1584217.00	6.09
1584233.00	6.00
1584524.00	6.46
1584586.00	6.57
1584854.00	6.15
1584894.00	6.73
1585158.00	6.99
1585181.00	7.24
1585491.00	6.96
1585568.00	6.00
1585800.00	6.24
1585977.00	6.08
1586130.00	5.87
1586279.00	6.81
1586445.00	6.97
1586511.00	8.03
1586775.00	7.85
1586898.00	6.00
1587065.00	6.46
1587271.00	6.57
1587393.00	6.14
1587585.00	6.69
1587705.00	6.85
1587920.00	6.63
1588036.00	6.44
1588288.00	7.46
1588308.00	7.03
1588615.00	6.05
1588621.00	6.71
1588929.00	6.77
1588934.00	6.84
1589229.00	6.92
1589265.00	6.82
1589589.00	6.88
1589611.00	6.10
1589918.00	6.06
1589962.00	6.32
1590210.00	6.71
1590277.00	7.06
1590540.00	6.65
1590572.00	6.88
1590812.00	7.57
1590949.00	6.78
1591140.00	6.11
1591310.00	6.24
1591425.00	6.73
1591635.00	7.05
1591755.00	6.54
1591952.00	6.62
1592044.00	7.08
1592327.00	6.57
1592371.00	6.15
1592670.00	6.40
1592695.00	6.42
1592997.00	6.58
1593026.00	6.52
1593317.00	6.94
1593331.00	6.87
1593643.00	6.49
1593707.00	6.13
1593926.00	6.65
1594045.00	6.97
1594255.00	6.43
1594375.00	6.51
1594571.00	6.62
1594707.00	6.60
1594898.00	6.50
1595084.00	6.12
1595185.00	6.59
1595462.00	6.58
1595512.00	6.10
1595794.00	6.48
1595799.00	6.95
1596111.00	7.12
1596125.00	6.67
1596453.00	6.65
1596486.00	6.12
1596780.00	6.13
1596894.00	5.90
1597061.00	6.44
1597232.00	6.98
1597385.00	6.47
1597572.00	6.46
1597743.00	6.15
1597950.00	5.83
1598070.00	6.10
1598310.00	6.24
1598358.00	6.69
1598645.00	6.93
1598682.00	6.52
1598979.00	6.52
1598982.00	6.79
1599309.00	6.49
1599359.00	6.11
1599607.00	6.42
1599736.00	6.44
1599931.00	6.15
1600072.00	6.48
1600236.00	6.70
1600428.00	6.53
1600563.00	6.29
1600810.00	6.09
1600881.00	6.17
1601179.00	6.28
1601206.00	6.21
1601508.00	6.46
1601515.00	6.73
1601835.00	6.46
1601845.00	6.52
1602134.00	6.83
1602230.00	6.37
1602459.00	6.09
1602615.00	6.09
1602768.00	6.24
1602952.00	6.63
1603094.00	6.46
1603307.00	6.30
1603413.00	6.38
1603695.00	6.13
1603739.00	6.05
1604057.00	6.12
1604078.00	6.15
1604384.00	6.07
1604410.00	6.50
1604670.00	6.97
1604733.00	7.06
1604994.00	6.62
1605124.00	6.04
1605296.00	6.29
1605493.00	6.46
1605625.00	6.17
1605821.00	6.53
1605931.00	6.79
1606161.00	6.65
1606257.00	6.44
1606557.00	6.00
1606569.00	6.14
1606897.00	5.98
1606938.00	6.09
1607184.00	6.55
1607257.00	7.08
1607510.00	6.63
1607552.00	6.92
1607821.00	7.07
1607952.00	6.13
1608149.00	5.95
1608376.00	5.79
1608400.00	6.79
1608686.00	7.72
1608724.00	6.76
1608927.00	7.77
1609044.00	7.82
1609329.00	6.03
1609373.00	5.92
1609698.00	5.97
1609713.00	6.08
1610025.00	6.06
1610036.00	6.59
1610319.00	6.97
1610384.00	6.74
1610649.00	6.33
1610784.00	5.92
1610921.00	6.63
1611108.00	7.26
1611250.00	6.57
1611425.00	6.65
1611536.00	7.13
1611735.00	7.20
1611867.00	6.69
1612129.00	5.96
1612156.00	6.43
1612484.00	5.99
1612492.00	6.22
1612810.00	6.24
1612815.00	6.60
1613119.00	6.82
1613143.00	6.76
1613434.00	7.20
1613506.00	6.44
1613763.00	6.02
1613875.00	6.15
1614047.00	6.68
1614208.00	7.01
1614377.00	6.46
1614533.00	6.54
1614696.00	6.67
1614915.00	6.17
1615025.00	6.07
1615266.00	6.32
1615312.00	6.78
1615600.00	6.95
1615641.00	6.46
1615930.00	6.92
1615938.00	6.87
1616259.00	6.42
1616320.00	6.06
1616590.00	6.05
1616663.00	6.38
1616919.00	6.39
1616996.00	6.47
1617202.00	7.01
1617332.00	6.99
1617529.00	6.47
1617710.00	6.12
1617890.00	5.80
1618091.00	5.78
1618221.00	6.06
1618425.00	6.45
1618512.00	6.87
1618742.00	7.05
1618838.00	6.66
1619117.00	6.14
1619142.00	6.38
1619472.00	6.11
1619526.00	5.88
1619774.00	6.18
1619863.00	6.74
1620100.00	6.47
1620201.00	6.46
1620409.00	6.63
1620575.00	6.33
1620737.00	6.13
1620933.00	6.26
1621059.00	6.32
1621265.00	6.55
1621388.00	6.48
1621596.00	6.50
1621691.00	6.79
1621973.00	6.39
1622020.00	6.11
1622321.00	6.41
1622344.00	6.46
1622646.00	6.19
1622675.00	6.54
1622957.00	6.68
1623027.00	6.49
1623285.00	6.32
1623402.00	6.13
1623604.00	6.21
1623765.00	6.32
1623929.00	6.25
1624094.00	6.54
1624250.00	6.58
1624418.00	6.64
1624578.00	6.58
1624794.00	6.12
1624862.00	6.62
1625171.00	6.61
1625187.00	6.14
1625488.00	6.40
1625502.00	6.79
1625815.00	6.51
1625848.00	6.37
1626121.00	6.61
1626226.00	6.34
1626446.00	6.13
1626600.00	6.16
1626757.00	6.31
1626924.00	6.76
1627082.00	6.61
1627237.00	6.72
1627368.00	7.17
1627618.00	6.55
1627693.00	6.10
1627977.00	6.29
1627999.00	6.50
1628296.00	6.86
1628326.00	6.63
1628574.00	7.67
1628626.00	7.57
1628895.00	6.59
1629010.00	6.12
1629211.00	6.17
1629380.00	6.29
1629537.00	6.19
1629690.00	6.73
1629857.00	6.80
1629977.00	7.09
1630181.00	7.04
1630364.00	6.07
1630470.00	6.49
1630775.00	6.32
1630796.00	5.90
1631063.00	6.62
1631077.00	7.56
1631310.00	8.63
1631387.00	7.93
1631669.00	8.40
1631700.00	6.54
1631995.00	6.04
1632073.00	6.16
1632279.00	6.64
1632386.00	7.20
1632602.00	6.76
1632723.00	6.50
1632922.00	6.51
1633111.00	6.10
1633249.00	6.04
1633425.00	6.69
1633536.00	7.14
1633733.00	7.21
1633859.00	6.79
1634033.00	6.89
1634138.00	7.41
1634415.00	6.64
1634462.00	6.11
1634766.00	6.36
1634776.00	6.46
1635082.00	6.81
1635099.00	6.72
1635375.00	6.97
1635382.00	7.45
1635705.00	6.97
1635751.00	6.16
1635989.00	6.62
1636111.00	6.75
1636310.00	6.33
1636433.00	6.66
1636635.00	6.62
1636748.00	6.72
1636958.00	6.73
1637120.00	6.19
1637235.00	6.75
1637460.00	7.02
1637555.00	6.50
1637783.00	6.66
1637910.00	6.33
1638113.00	6.26
1638234.00	6.55
1638484.00	6.20
1638520.00	6.65
1638815.00	6.98
1638839.00	6.57
1639136.00	6.84
1639139.00	6.92
1639460.00	6.61
1639465.00	6.59
1639755.00	6.90
1639831.00	6.54
1640075.00	6.27
1640200.00	6.25
1640378.00	6.44
1640525.00	6.84
1640699.00	6.65
1640830.00	6.85
1641015.00	6.90
1641195.00	6.33
1641335.00	6.27
1641590.00	6.05
1641633.00	6.31
1641916.00	6.89
1641954.00	6.64
1642244.00	6.62
1642249.00	6.89
1642568.00	6.64
1642607.00	6.32
1642872.00	6.47
1642952.00	6.62
1643192.00	6.44
1643272.00	6.69
1643504.00	6.78
1643593.00	6.78
1643823.00	6.70
1643956.00	6.31
1644137.00	6.37
1644315.00	6.40
1644458.00	6.31
1644637.00	6.66
1644738.00	7.18
1644975.00	7.01
1645055.00	6.54
1645338.00	6.32
1645351.00	6.58
1645671.00	6.29
1645688.00	6.41
1645971.00	6.64
1646004.00	6.97
1646290.00	6.77
1646317.00	6.79
1646595.00	6.93
1646678.00	6.48
1646917.00	6.30
1647042.00	6.29
1647196.00	6.79
1647359.00	7.22
1647515.00	6.74
1647695.00	6.55
1647819.00	6.73
1648057.00	6.49
1648138.00	6.32
1648382.00	7.35
1648418.00	7.36
1648700.00	6.33
1648729.00	6.81
1649012.00	6.89
1649030.00	7.00
1649333.00	6.89
1649397.00	6.26
1649649.00	6.33
1649744.00	6.49
1649969.00	6.43
1650053.00	6.82
1650254.00	7.24
1650371.00	7.12
1650578.00	6.67
1650743.00	6.19
1650842.00	6.92
1651101.00	7.03
1651162.00	6.34
1651401.00	6.92
1651441.00	7.42
1651680.00	7.71
1651764.00	7.17
1652047.00	7.65
1652056.00	6.65
1652366.00	6.20
1652457.00	6.02
1652684.00	6.06
1652751.00	7.02
1652978.00	8.10
1653006.00	8.04
1653292.00	8.46
1653359.00	6.56
1653611.00	6.19
1653725.00	6.30
1653888.00	6.81
1654032.00	7.36
1654208.00	6.81
1654363.00	6.58
1654519.00	6.69
1654745.00	6.25
1654839.00	6.16
1655056.00	6.81
1655119.00	7.28
1655361.00	7.32
1655439.00	6.85
1655657.00	6.98
1655720.00	7.44
1656036.00	6.63
1656038.00	6.19
1656361.00	6.13
1656384.00	6.39
1656681.00	6.43
1656698.00	6.77
1656956.00	7.31
1656990.00	7.56
1657274.00	7.05
1657367.00	6.22
1657624.00	5.90
1657726.00	6.05
1657946.00	6.31
1658048.00	6.64
1658228.00	7.12
1658365.00	7.19
1658545.00	6.77
1658738.00	6.25
1658838.00	6.54
1659081.00	6.80
1659160.00	6.46
1659407.00	6.61
1659453.00	6.95
1659739.00	6.88
1659770.00	6.59
1660070.00	6.80
1660112.00	6.45
1660388.00	6.23
1660448.00	6.54
1660700.00	6.62
1660777.00	6.69
1661019.00	6.62
1661107.00	6.62
1661314.00	6.89
1661480.00	6.50
1661634.00	6.23
1661855.00	6.21
1661925.00	6.54
1662187.00	6.92
1662242.00	6.61
1662499.00	6.81
1662545.00	6.97
1662863.00	6.81
1662872.00	6.25
1663174.00	6.32
1663276.00	6.10
1663492.00	6.04
1663610.00	6.59
1663803.00	6.65
1663946.00	6.63
1664121.00	6.56
1664319.00	6.25
1664400.00	6.72
1664674.00	6.85
1664716.00	6.41
1665004.00	6.65
1665009.00	6.90
1665327.00	6.61
1665334.00	6.62
1665626.00	6.84
1665708.00	6.45
1665942.00	6.25
1666080.00	6.27
1666246.00	6.41
1666410.00	6.79
1666563.00	6.63
1666760.00	6.45
1666842.00	6.91
1667136.00	6.69
1667158.00	6.24
1667459.00	6.41
1667497.00	6.52
1667777.00	6.35
1667826.00	6.64
1668018.00	7.71
1668151.00	7.75
1668332.00	6.72
1668527.00	6.26
1668641.00	6.33
1668904.00	6.33
1668958.00	6.23
1669235.00	6.62
1669270.00	6.69
1669581.00	6.54
1669587.00	6.46
1669869.00	6.89
1669959.00	6.64
1670187.00	6.21
1670334.00	6.22
1670449.00	6.96
1670657.00	7.42
1670764.00	6.71
1670969.00	6.82
1671041.00	7.30
1671352.00	6.67
1671359.00	6.17
1671638.00	6.66
1671710.00	6.84
1671954.00	6.39
1672029.00	6.77
1672268.00	6.78
1672357.00	6.67
1672586.00	6.61
1672742.00	6.15
1672869.00	6.57
1673111.00	6.69
1673184.00	6.30
1673421.00	6.87
1673458.00	7.37
1673707.00	7.65
1673777.00	7.10
1674085.00	7.23
1674092.00	6.27
1674400.00	6.17
1674502.00	6.00
1674679.00	6.45
1674802.00	7.41
1674996.00	6.96
1675035.00	8.01
1675276.00	8.46
1675422.00	6.61
1675590.00	6.17
1675793.00	6.29
1675911.00	6.23
1676106.00	6.77
1676228.00	6.81
1676442.00	6.59
1676499.00	7.15
1676815.00	6.60
1676829.00	6.16
1677142.00	6.83
1677163.00	6.52
1677449.00	6.56
1677481.00	6.86
1677749.00	6.95
1677762.00	7.37
1678077.00	6.97
1678129.00	6.23
1678369.00	6.51
1678479.00	6.75
1678688.00	6.43
1678793.00	6.78
1678977.00	7.13
1679086.00	7.36
1679294.00	7.04
1679461.00	6.25
1679590.00	6.48
1679819.00	6.60
1679908.00	6.36
1680139.00	6.73
1680218.00	6.80
1680454.00	6.85
1680534.00	6.80
1680827.00	6.53
1681145.00	6.26
1681166.00	6.54
1681436.00	6.85
1681488.00	7.02
1681749.00	6.75
1681818.00	6.67
1682049.00	6.82
1682189.00	6.46
1682364.00	6.29
1682520.00	6.63
1682673.00	6.70
1682845.00	6.77
1682988.00	6.71
1683171.00	6.70
1683297.00	6.75
1683538.00	6.38
1683613.00	6.31
1683889.00	6.80
1683908.00	6.78
1684203.00	6.32
1684234.00	6.71
1684495.00	6.97
1684542.00	7.17
1684810.00	6.88
1684908.00	6.32
1685107.00	6.55
1685304.00	6.32
1685421.00	6.12
1685631.00	6.70
1685723.00	6.82
1685960.00	6.81
1686037.00	6.67
1686314.00	7.15
1686325.00	6.81
1686628.00	6.33
1686672.00	6.49
1686927.00	6.68
1686995.00	6.91
1687242.00	6.71
1687317.00	6.72
1687481.00	7.81
1687681.00	7.42
1687794.00	6.36
1688044.00	6.38
1688100.00	6.46
1688366.00	6.83
1688418.00	6.70
1688707.00	6.53
1688727.00	6.62
1689042.00	6.56
1689070.00	6.35
1689321.00	6.79
1689423.00	6.89
1689637.00	6.41
1689742.00	6.74
1689897.00	7.49
1690056.00	7.56
1690211.00	6.83
1690420.00	6.36
1690485.00	6.86
1690786.00	6.84
1690801.00	6.31
1691077.00	6.81
1691105.00	7.24
1691391.00	6.77
1691441.00	6.60
1691703.00	6.62
1691806.00	6.37
1692019.00	6.32
1692168.00	6.35
1692301.00	6.77
1692481.00	7.23
1692612.00	6.87
1692784.00	6.98
1692885.00	7.46
1693153.00	6.83
1693201.00	6.29
1693499.00	6.48
1693507.00	6.61
1693808.00	6.99
1693821.00	6.89
1694098.00	7.34
1694125.00	7.23
1694412.00	6.77
1694498.00	6.28
1694690.00	6.73
1694854.00	6.85
1695004.00	6.41
1695152.00	7.00
1695323.00	6.96
1695429.00	7.23
1695639.00	7.26
1695802.00	6.26
1695911.00	6.82
1696198.00	6.66
1696226.00	6.12
1696489.00	7.10
1696572.00	6.79
1696713.00	7.90
1696892.00	8.16
1697087.00	6.22
1697171.00	6.69
1697446.00	6.81
1697486.00	6.38
1697749.00	6.93
1697777.00	7.22
1698073.00	6.99
1698096.00	6.66
1698385.00	7.01
1698447.00	6.57
1698703.00	6.23
1698750.00	6.90
1698999.00	7.15
1699048.00	7.22
1699317.00	6.97
1699336.00	7.07
1699628.00	7.15
1699704.00	6.35
1699945.00	6.29
1700043.00	6.54
1700239.00	6.80
1700348.00	7.17
1700557.00	6.89
1700630.00	7.17
1700848.00	7.49
1700994.00	6.64
1701163.00	6.35
1701341.00	6.51
1701465.00	6.65
1701652.00	7.00
1701781.00	6.84
1701956.00	6.93
1702091.00	6.99
1702316.00	6.43
1702407.00	6.37
1702646.00	6.66
1702718.00	6.70
1702959.00	6.87
1703035.00	6.80
1703277.00	6.74
1703313.00	7.21
1703628.00	6.76
1703636.00	6.38
1703922.00	6.64
1703960.00	6.97
1704238.00	6.71
1704275.00	6.78
1704536.00	7.00
1704591.00	7.00
1704851.00	6.79
1704949.00	6.40
1705153.00	6.55
1705309.00	6.52
1705471.00	6.34
1705626.00	6.76
1705749.00	7.24
1705926.00	7.43
1706065.00	6.98
1706282.00	6.41
1706364.00	6.59
1706671.00	6.34
1706681.00	6.15
1706922.00	7.19
1706990.00	7.77
1707235.00	6.77
1707313.00	6.74
1707541.00	6.82
1707671.00	6.50
1707860.00	6.37
1708011.00	6.53
1708171.00	6.60
1708328.00	6.81
1708488.00	6.76
1708645.00	6.77
1708768.00	7.19
1709006.00	6.78
1709086.00	6.35
1709347.00	7.07
1709364.00	7.10
1709662.00	6.40
1709683.00	6.75
1709938.00	7.23
1710020.00	7.06
1710255.00	6.57
1710383.00	6.34
1710532.00	6.82
1710734.00	6.92
1710846.00	6.45
1711052.00	6.77
1711159.00	6.80
1711368.00	6.83
1711476.00	6.77
1711734.00	6.30
1711758.00	6.75
1712072.00	6.36
1712101.00	6.34
1712345.00	6.84
1712422.00	7.27
1712662.00	6.74
1712762.00	6.55
1712966.00	6.67
1713130.00	6.41
1713281.00	6.30
1713497.00	6.32
1713558.00	6.78
1713815.00	7.24
1713873.00	6.78
1714122.00	6.89
1714151.00	7.34
1714464.00	6.91
1714496.00	6.29
1714782.00	6.24
1714849.00	6.41
1715097.00	6.43
1715163.00	6.81
1715367.00	7.36
1715487.00	7.26
1715682.00	6.72
1715868.00	6.22
1716027.00	5.92
1716233.00	6.04
1716344.00	6.31
1716538.00	6.90
1716622.00	7.39
1716821.00	7.64
1716934.00	7.21
1717203.00	6.25
1717223.00	6.52
1717540.00	6.19
1717611.00	6.02
1717828.00	6.35
1717909.00	7.31
1718141.00	8.03
1718435.00	8.26
1718525.00	6.44
1718749.00	6.21
1718895.00	6.31
1719057.00	6.37
1719207.00	6.91
1719370.00	6.85
1719541.00	6.64
1719661.00	6.90
1719926.00	6.46
1719976.00	6.18
1720238.00	6.83
1720264.00	7.15
1720545.00	7.22
1720575.00	6.94
1720843.00	7.05
1720874.00	7.19
1721188.00	7.02
1721224.00	6.23
1721496.00	6.31
1721573.00	6.56
1721809.00	6.50
1721887.00	6.84
1722116.00	6.90
1722179.00	7.14
1722432.00	7.04
1722553.00	6.25
1722707.00	6.76
1722912.00	6.89
1723021.00	6.40
1723233.00	6.75
1723312.00	7.02
1723547.00	7.09
1723628.00	6.81
1723918.00	6.29
1723924.00	6.50
1724238.00	6.31
1724258.00	6.55
1724539.00	6.70
1724581.00	6.88
1724857.00	6.70
1724909.00	6.63
1725134.00	7.12
1725279.00	6.76
1725449.00	6.28
1725612.00	6.61
1725748.00	6.80
1725936.00	6.90
1726065.00	6.69
1726261.00	6.67
1726307.00	7.72
1726622.00	6.70
1726629.00	6.30
1726929.00	6.39
1727000.00	6.38
1727248.00	6.25
1727325.00	6.65
1727559.00	6.74
1727632.00	6.93
1727878.00	6.86
1727997.00	6.30
1728158.00	6.75
1728394.00	6.52
1728479.00	6.05
1728721.00	6.61
1728739.00	7.38
1729051.00	7.36
1729057.00	6.62
1729333.00	7.13
1729416.00	6.81
1729652.00	6.28
1729764.00	6.42
1729931.00	6.93
1730087.00	7.17
1730248.00	6.71
1730410.00	6.72
1730562.00	6.74
1730775.00	6.35
1730881.00	6.29
1731138.00	6.30
1731165.00	6.72
1731460.00	7.09
1731480.00	6.72
1731754.00	7.24
1731801.00	7.07
1732071.00	6.52
1732166.00	6.30
1732381.00	6.40
1732518.00	6.51
1732696.00	6.43
1732837.00	6.74
1732974.00	7.20
1733152.00	7.25
1733291.00	6.79
1733516.00	6.33
1733570.00	6.79
1733882.00	6.79
1733884.00	6.33
1734201.00	6.76
1734204.00	6.70
1734520.00	6.75
1734538.00	6.57
1734791.00	7.13
1734903.00	6.89
1735107.00	6.32
1735266.00	6.34
1735453.00	6.05
1735580.00	6.51
1735771.00	6.78
1735883.00	6.90
1736050.00	7.39
1736253.00	6.75
1736363.00	6.34
1736601.00	6.51
1736654.00	6.77
1736909.00	7.17
1736972.00	6.83
1737230.00	6.70
1737262.00	7.04
1737577.00	6.75
1737603.00	6.27
1737872.00	6.50
1737960.00	6.63
1738187.00	6.40
1738261.00	6.96
1738495.00	7.05
1738539.00	7.34
1738811.00	7.25
1738915.00	6.25
1739103.00	6.50
1739314.00	6.34
1739419.00	6.07
1739607.00	7.04
1739707.00	7.37
1739832.00	8.48
1740021.00	8.17
1740210.00	6.24
1740321.00	6.40
1740573.00	6.52
1740637.00	6.35
1740880.00	6.90
1740944.00	6.99
1741206.00	6.77
1741258.00	6.70
1741566.00	6.77
1741583.00	6.32
1741882.00	6.23
1741890.00	6.90
1742157.00	7.39
1742189.00	7.48
1742469.00	7.01
1742481.00	7.11
1742758.00	7.40
1742853.00	6.59
1743072.00	6.28
1743194.00	6.56
1743366.00	6.78
1743501.00	7.12
1743679.00	6.91
1743787.00	7.17
1743980.00	7.30
1744153.00	6.48
1744296.00	6.32
1744502.00	6.46
1744570.00	6.98
1744816.00	7.32
1744882.00	6.84
1745124.00	6.92
1745178.00	7.11
1745487.00	6.57
1745492.00	6.36
1745731.00	7.43
1745817.00	7.73
1746042.00	6.70
1746133.00	6.84
1746346.00	6.90
1746454.00	6.86
1746661.00	6.75
1746815.00	6.37
1746969.00	6.46
1747140.00	6.78
1747283.00	6.71
1747457.00	6.80
1747561.00	7.23
1747774.00	7.21
1747877.00	6.76
1748133.00	6.38
1748135.00	7.16
1748448.00	6.41
1748495.00	6.39
1748721.00	6.89
1748811.00	7.31
1749035.00	6.81
1749112.00	6.99
1749309.00	7.49
1749467.00	6.93
1749621.00	6.45
1749854.00	6.21
1749930.00	6.23
1750173.00	6.82
1750245.00	6.76
1750495.00	6.73
1750524.00	7.18
1750834.00	6.78
1750851.00	6.47
1751106.00	6.97
1751189.00	7.13
1751419.00	6.60
1751505.00	6.82
1751722.00	6.92
1751819.00	6.94
1752034.00	6.85
1752174.00	6.44
1752308.00	6.93
1752528.00	6.95
1752621.00	6.45
1752843.00	6.82
1752895.00	7.31
1753176.00	7.13
1753205.00	6.68
1753520.00	6.63
1753532.00	6.40
1753832.00	6.43
1753877.00	6.55
1754100.00	7.12
1754188.00	7.45
1754411.00	6.89
1754495.00	6.93
1754753.00	6.63
1754853.00	6.14
1755067.00	6.42
1755210.00	6.41
1755342.00	6.89
1755522.00	7.33
1755651.00	6.90
1755853.00	6.71
1755937.00	6.99
1756211.00	6.74
1756250.00	6.42
1756536.00	6.76
1756565.00	6.77
1756846.00	6.47
1756874.00	6.93
1757137.00	7.17
1757170.00	7.31
1757449.00	7.05
1757531.00	6.40
1757753.00	6.49
1757873.00	6.66
1758065.00	6.58
1758177.00	6.98
1758353.00	7.25
1758490.00	7.14
1758664.00	6.87
1758856.00	6.36
1758949.00	6.68
1759208.00	6.80
1759257.00	6.52
1759503.00	7.12
1759556.00	7.24
1759776.00	7.52
1759865.00	7.38
1760146.00	6.36
1760169.00	6.44
1760477.00	6.38
1760537.00	6.21
1760783.00	6.24
1760826.00	7.22
1761049.00	8.34
1761094.00	8.28
1761366.00	8.76
1761421.00	6.82
1761675.00	6.36
1761778.00	6.48
1761962.00	6.73
1762079.00	7.29
1762273.00	7.00
1762403.00	6.76
1762564.00	7.01
1762775.00	6.57
1762871.00	6.36
1763078.00	7.02
1763167.00	7.16
1763376.00	7.20
1763478.00	7.04
1763664.00	7.19
1763750.00	7.67
1764033.00	6.85
1764058.00	6.39
1764351.00	6.57
1764373.00	6.80
1764661.00	6.60
1764679.00	6.97
1764897.00	8.07
1764963.00	8.33
1765205.00	7.24
1765329.00	6.39
1765506.00	6.48
1765678.00	6.63
1765817.00	6.51
1765992.00	6.85
1766122.00	6.93
1766300.00	7.01
1766432.00	6.94
1766663.00	6.41
1766707.00	6.84
1766995.00	7.11
1767019.00	6.65
1767274.00	7.43
1767312.00	7.61
1767583.00	6.86
1767637.00	6.77
1767854.00	7.27
1767999.00	6.93
1768164.00	6.41
1768327.00	6.73
1768437.00	7.20
1768647.00	7.27
1768745.00	6.82
1768970.00	6.80
1769053.00	6.81
1769332.00	6.45
1769364.00	6.40
1769641.00	6.82
1769699.00	6.78
1769948.00	6.41
1770022.00	6.81
1770216.00	7.32
1770326.00	7.51
1770527.00	6.96
1770691.00	6.38
1770828.00	6.49
1771087.00	6.27
1771138.00	6.18
1771410.00	6.63
1771413.00	7.21
1771720.00	6.74
1771742.00	6.70
1771994.00	7.15
1772107.00	6.84
1772303.00	6.41
1772454.00	6.56
1772616.00	6.50
1772779.00	6.71
1772929.00	6.73
1773103.00	6.75
1773194.00	7.34
1773469.00	6.96
1773505.00	6.39
1773834.00	6.39
1773846.00	6.07
1774159.00	6.43
1774160.00	6.71
1774435.00	7.19
1774501.00	7.02
1774747.00	6.57
1774870.00	6.35
1775034.00	6.64
1775226.00	6.74
1775349.00	6.42
1775548.00	6.75
1775635.00	7.08
1775867.00	7.10
1775946.00	6.81
1776238.00	6.35
1776239.00	6.55
1776552.00	6.32
1776609.00	6.31
1776860.00	6.38
1776933.00	6.79
1777172.00	6.74
1777276.00	6.56
1777464.00	6.81
1777647.00	6.56
1777777.00	6.31
1778016.00	6.34
1778065.00	6.64
1778335.00	7.09
1778376.00	6.80
1778644.00	6.92
1778675.00	7.06
1778988.00	6.90
1779020.00	6.27
1779295.00	6.35
1779375.00	6.51
1779607.00	6.44
1779689.00	6.84
1779914.00	6.90
1780015.00	6.77
1780228.00	6.70
1780397.00	6.22
1780503.00	6.71
1780763.00	6.83
1780814.00	6.38
1781069.00	6.93
1781104.00	7.18
1781353.00	7.46
1781418.00	7.18
1781712.00	7.43
1781738.00	6.44
1782023.00	6.23
1782145.00	6.07
1782322.00	6.21
1782446.00	7.14
1782636.00	6.97
1782678.00	8.05
1782910.00	8.55
1783062.00	6.69
1783222.00	6.21
1783433.00	6.32
1783518.00	6.52
1783746.00	7.06
1783833.00	6.84
1784071.00	7.93
1784081.00	7.70
1784381.00	6.65
1784468.00	6.22
1784685.00	6.30
1784781.00	6.97
1784999.00	6.83
1785087.00	6.91
1785306.00	7.00
1785385.00	7.08
1785621.00	6.99
1785766.00	6.20
1785899.00	6.67
1786115.00	6.94
1786214.00	6.48
1786429.00	6.82
1786472.00	7.55
1786721.00	7.80
1786784.00	7.10
1787057.00	7.59
1787096.00	6.78
1787371.00	6.27
1787454.00	6.41
1787647.00	6.88
1787775.00	7.21
1787959.00	6.76
1788089.00	6.84
1788269.00	6.88
1788459.00	6.37
1788583.00	6.30
1788797.00	6.56
1788862.00	7.00
1789120.00	7.16
1789173.00	6.77
1789444.00	7.29
1789448.00	7.23
1789758.00	6.69
1789817.00	6.32
1790061.00	6.45
1790150.00	6.77
1790373.00	6.66
1790473.00	6.75
1790646.00	7.24
1790798.00	7.23
1790959.00	6.74
1791165.00	6.35
1791233.00	6.83
1791534.00	6.81
1791543.00	6.36
1791859.00	6.30
1791860.00	6.69
1792166.00	6.91
1792170.00	6.94
1792439.00	7.49
1792531.00	6.92
1792750.00	6.38
1792926.00	6.15
1793093.00	5.84
1793254.00	6.40
1793408.00	6.68
1793582.00	6.69
1793683.00	7.17
1793945.00	6.85
1793993.00	6.41
1794281.00	6.68
1794292.00	6.81
1794595.00	6.50
1794613.00	6.75
1794881.00	7.08
1794935.00	7.08
1795192.00	6.78
1795299.00	6.39
1795484.00	6.61
1795660.00	6.63
1795797.00	6.39
1795981.00	6.76
1796103.00	6.85
1796321.00	6.66
1796413.00	6.60
1796685.00	6.40
1796702.00	6.66
1797014.00	6.37
1797036.00	6.48
1797299.00	6.81
1797354.00	7.14
1797608.00	6.86
1797669.00	6.89
1797904.00	7.03
1798032.00	6.57
1798215.00	6.39
1798396.00	6.39
1798520.00	6.47
1798714.00	6.89
1798829.00	6.83
1799050.00	6.66
1799134.00	6.72
1799414.00	6.47
1799446.00	6.39
1799718.00	6.88
1799776.00	6.90
1800028.00	6.42
1800088.00	6.90
1800316.00	7.15
1800389.00	7.29
1800626.00	7.02
1800756.00	6.37
1800916.00	6.62
1801103.00	6.80
1801225.00	6.55
1801410.00	6.94
1801521.00	7.11
1801727.00	7.00
1801833.00	6.82
1802098.00	6.33
1802105.00	6.82
1802413.00	6.36
1802453.00	6.49
1802707.00	6.67
1802751.00	7.25
1803018.00	7.04
1803027.00	7.32
1803254.00	8.42
1803400.00	7.42
1803562.00	6.37
1803794.00	6.20
1803863.00	6.27
1804084.00	7.25
1804175.00	7.13
1804307.00	8.24
1804480.00	8.31
1804680.00	6.38
1804791.00	6.33
1805039.00	6.44
1805067.00	6.86
1805340.00	7.44
1805380.00	6.98
1805635.00	7.76
1805662.00	7.53
1805946.00	6.77
1806034.00	6.32
1806218.00	6.83
1806335.00	7.51
1806531.00	6.99
1806631.00	7.06
1806804.00	7.55
1806918.00	7.67
1807114.00	7.20
1807283.00	6.40
1807424.00	6.41
1807620.00	6.64
1807737.00	6.60
1807922.00	6.98
1808014.00	7.41
1808202.00	7.69
1808326.00	7.28
1808562.00	6.42
1808596.00	6.93
1808905.00	7.08
1808908.00	6.56
1809213.00	7.00
1809514.00	7.08
1809525.00	6.99
1809799.00	7.47
1809869.00	6.92
1810111.00	6.44
1810194.00	6.73
1810386.00	7.19
1810504.00	7.35
1810697.00	6.90
1810819.00	6.84
1811012.00	6.80
1811173.00	6.43
1811325.00	6.45
1811493.00	6.78
1811593.00	7.37
1811805.00	7.44
1811904.00	6.88
1812116.00	6.89
1812246.00	6.58
1812468.00	6.18
1812561.00	6.45
1812824.00	6.41
1812838.00	6.87
1813137.00	7.30
1813148.00	6.89
1813431.00	7.09
1813436.00	7.36
1813751.00	7.02
1813782.00	6.44
1814038.00	6.80
1814164.00	6.56
1814351.00	6.23
1814478.00	6.83
1814643.00	7.07
1814796.00	7.01
1814958.00	6.76
1815148.00	6.44
1815264.00	6.55
1815482.00	6.72
1815577.00	6.64
1815794.00	6.87
1815868.00	7.13
1816106.00	7.14
1816182.00	6.85
1816459.00	6.45
1816469.00	6.77
1816781.00	6.48
1816811.00	6.47
1817079.00	6.63
1817124.00	7.02
1817392.00	6.84
1817454.00	6.67
1817699.00	6.75
1817810.00	6.52
1818011.00	6.45
1818154.00	6.54
1818317.00	6.60
1818465.00	6.94
1818631.00	6.85
1818773.00	6.90
1818905.00	7.40
1819131.00	6.90
1819216.00	6.44
1819492.00	6.42
1819506.00	6.67
1819806.00	7.10
1819819.00	6.83
1820112.00	7.07
1820139.00	6.87
1820423.00	6.66
1820500.00	6.41
1820722.00	6.55
1820860.00	6.56
1821037.00	6.37
1821172.00	6.84
1821311.00	7.35
1821474.00	7.44
1821623.00	6.97
1821841.00	6.35
1821920.00	6.54
1822189.00	6.70
1822232.00	6.51
1822471.00	7.56
1822499.00	7.95
1822781.00	6.92
1822818.00	6.80
1823085.00	6.87
1823192.00	6.39
1823401.00	6.26
1823553.00	6.37
1823706.00	6.49
1823855.00	7.05
1824021.00	6.93
1824135.00	7.22
1824299.00	7.68
1824515.00	6.68
1824616.00	6.22
1824873.00	6.99
1824918.00	6.83
1825185.00	6.10
1825215.00	7.03
1825444.00	8.13
1825459.00	8.61
1825773.00	8.11
1825828.00	6.19
1826048.00	6.68
1826195.00	6.82
1826361.00	6.36
1826505.00	6.89
1826670.00	6.91
1826838.00	6.67
1826984.00	6.64
1827223.00	6.21
1827263.00	6.63
1827535.00	7.28
1827575.00	6.89
1827841.00	6.94
1827846.00	7.44
1828139.00	7.54
1828160.00	7.03
1828465.00	7.13
1828519.00	6.33
1828776.00	6.27
1828870.00	6.51
1829052.00	6.95
1829185.00	7.29
1829365.00	6.83
1829479.00	7.09
1829639.00	7.58
1829855.00	6.77
1829950.00	6.29
1830214.00	6.43
1830265.00	6.38
1830537.00	6.72
1830579.00	6.73
1830847.00	7.33
1830855.00	7.39
1831159.00	6.81
1831228.00	6.30
1831501.00	5.99
1831570.00	6.26
1831818.00	6.52
1831895.00	6.67
1832095.00	7.16
1832227.00	7.09
1832406.00	6.67
1832600.00	6.32
1832694.00	6.60
1832936.00	6.92
1833009.00	6.60
1833263.00	6.69
1833295.00	7.03
1833592.00	7.01
1833607.00	6.70
1833900.00	6.92
1833962.00	6.55
1834214.00	6.31
1834336.00	6.27
1834520.00	6.36
1834665.00	6.77
1834834.00	6.68
1834975.00	6.87
1835124.00	7.15
1835345.00	6.60
1835438.00	6.31
1835724.00	6.65
1835746.00	6.42
1836036.00	6.11
1836076.00	6.68
1836334.00	6.83
1836410.00	6.81
1836646.00	6.66
1836778.00	6.35
1836952.00	6.41
1837129.00	6.55
1837264.00	6.49
1837456.00	6.72
1837571.00	6.75
1837781.00	6.77
1837884.00	6.72
1838151.00	6.32
1838158.00	6.80
1838469.00	6.34
1838518.00	6.37
1838758.00	6.63
1838844.00	6.99
1839071.00	6.71
1839188.00	6.53
1839364.00	6.76
1839558.00	6.56
1839675.00	6.35
1839914.00	6.44
1839974.00	6.58
1840237.00	6.91
1840287.00	6.75
1840556.00	6.77
1840562.00	7.26
1840873.00	6.79
1840925.00	6.35
1841168.00	6.54
1841294.00	6.53
1841482.00	6.31
1841618.00	6.72
1841720.00	7.81
1841959.00	7.64
1842030.00	6.60
1842328.00	6.37
1842333.00	6.44
1842648.00	6.31
1842694.00	6.33
1842955.00	6.43
1843011.00	6.88
1843268.00	6.81
1843317.00	6.94
1843546.00	7.36
1843690.00	6.72
1843860.00	6.28
1844041.00	6.46
1844119.00	7.20
1844352.00	7.59
1844430.00	6.89
1844674.00	6.78
1844704.00	7.25
1845017.00	6.76
1845051.00	6.26
1845293.00	6.71
1845411.00	6.86
1845605.00	6.42
1845713.00	6.98
1845915.00	7.00
1845994.00	7.25
1846229.00	7.21
1846371.00	6.25
1846509.00	6.67
1846772.00	6.50
1846819.00	6.13
1847068.00	7.09
1847090.00	7.60
1847293.00	8.71
1847404.00	8.16
1847672.00	6.25
1847706.00	6.36
1848018.00	6.27
1848036.00	6.39
1848292.00	6.87
1848344.00	7.41
1848603.00	6.93
1848671.00	6.72
1848879.00	7.16
1849048.00	6.71
1849189.00	6.29
1849356.00	6.94
1849504.00	6.89
1849655.00	6.98
1849816.00	7.01
1849948.00	7.10
1850084.00	7.68
1850319.00	6.89
1850395.00	6.32
1850661.00	6.58
1850738.00	6.27
1850968.00	6.62
1851052.00	6.90
1851254.00	7.17
1851327.00	7.65
1851619.00	6.82
1851637.00	6.37
1851924.00	6.66
1851968.00	6.81
1852237.00	6.50
1852281.00	6.83
1852523.00	7.16
1852588.00	7.23
1852833.00	6.94
1852949.00	6.42
1853126.00	6.62
1853281.00	6.89
1853438.00	6.67
1853596.00	6.84
1853742.00	6.93
1853915.00	6.87
1854052.00	6.80
1854274.00	6.45
1854341.00	6.70
1854599.00	7.00
1854652.00	6.74
1854914.00	6.85
1854938.00	7.17
1855229.00	7.15
1855246.00	6.86
1855543.00	7.00
1855587.00	6.61
1855854.00	6.45
1855946.00	6.44
1856157.00	6.51
1856261.00	6.92
1856467.00	6.87
1856560.00	7.05
1856771.00	7.09
1856914.00	6.54
1857083.00	6.47
1857299.00	6.23
1857354.00	6.73
1857617.00	7.32
1857663.00	6.83
1857937.00	6.81
1857949.00	7.09
1858261.00	6.79
1858290.00	6.48
1858551.00	6.71
1858627.00	6.86
1858860.00	6.66
1858941.00	6.89
1859155.00	7.04
1859252.00	7.07
1859467.00	6.88
1859606.00	6.46
1859738.00	6.99
1859958.00	7.01
1860047.00	6.50
1860271.00	6.88
1860340.00	7.09
1860600.00	6.93
1860651.00	6.71
1860886.00	7.82
1860954.00	7.58
1861194.00	6.51
1861296.00	6.62
1861494.00	6.70
1861606.00	7.04
1861805.00	6.91
1861911.00	6.94
1862108.00	7.03
1862265.00	6.56
1862419.00	6.48
1862620.00	6.48
1862694.00	6.93
1862929.00	7.37
1863006.00	6.90
1863257.00	6.70
1863261.00	7.48
1863570.00	6.72
1863611.00	6.49
1863842.00	6.97
1863964.00	6.97
1864153.00	6.48
1864268.00	6.96
1864426.00	7.45
1864562.00	7.59
1864735.00	7.11
1864919.00	6.45
1865042.00	6.50
1865259.00	6.65
1865354.00	6.58
1865560.00	6.99
1865630.00	7.42
1865869.00	7.33
1865940.00	6.93
1866209.00	7.45
1866232.00	6.93
1866520.00	6.39
1866582.00	6.51
1866822.00	6.62
1866873.00	7.21
1867134.00	7.11
1867143.00	7.43
1867407.00	7.90
1867510.00	6.85
1867717.00	6.38
1867898.00	6.22
1867991.00	6.67
1868184.00	7.65
1868300.00	7.21
1868404.00	8.33
1868614.00	8.28
1868774.00	6.31
1868926.00	6.35
1869126.00	6.49
1869191.00	7.07
1869426.00	7.60
1869502.00	7.02
1869746.00	6.79
1869843.00	6.47
1870114.00	6.05
1870156.00	6.34
1870413.00	7.00
1870431.00	7.48
1870708.00	7.53
1870742.00	7.09
1870995.00	7.20
1871028.00	7.49
1871343.00	7.16
1871358.00	6.35
1871628.00	6.70
1871695.00	6.95
1871938.00	6.64
1871997.00	7.00
1872231.00	7.20
1872276.00	7.48
1872544.00	7.25
1872637.00	6.39
1872849.00	6.49
1872982.00	6.63
1873161.00	6.54
1873290.00	6.91
1873450.00	7.20
1873593.00	7.25
1873763.00	6.96
1873952.00	6.41
1874049.00	6.74
1874279.00	7.02
1874359.00	6.73
1874591.00	6.89
1874655.00	7.05
1874908.00	6.99
1874967.00	6.81
1875266.00	6.44
1875271.00	6.51
1875581.00	6.47
1875587.00	6.80
1875886.00	6.84
1875902.00	6.91
1876197.00	6.85
1876218.00	6.84
1876470.00	7.34
1876574.00	6.95
1876779.00	6.46
1876935.00	6.43
1877066.00	6.71
1877251.00	7.11
1877377.00	6.82
1877550.00	7.03
1877668.00	7.26
1877907.00	6.68
1877977.00	6.47
1878276.00	6.59
1878296.00	6.35
1878588.00	6.20
1878616.00	6.79
1878860.00	7.28
1878939.00	7.26
1879170.00	6.78
1879297.00	6.44
1879463.00	6.64
1879638.00	6.80
1879775.00	6.57
1879955.00	6.82
1880010.00	7.95
1880272.00	7.93
1880320.00	6.82
1880622.00	6.93
1880633.00	6.53
1880935.00	6.40
1880990.00	6.41
1881239.00	6.50
1881310.00	6.87
1881551.00	6.79
1881647.00	6.61
1881828.00	7.04
1882008.00	6.83
1882141.00	6.39
1882359.00	6.48
1882397.00	7.26
1882677.00	7.58
1882706.00	6.84
1882978.00	7.32
1882989.00	7.36
1883289.00	6.88
1883354.00	6.39
1883562.00	6.86
1883721.00	6.84
1883871.00	6.38
1884040.00	6.83
1884179.00	6.86
1884377.00	6.68
1884491.00	6.62
1884744.00	6.36
1884768.00	6.79
1885078.00	6.37
1885108.00	6.39
1885347.00	6.94
1885422.00	7.40
1885659.00	6.83
1885727.00	6.94
1885960.00	7.06
1886099.00	6.43
1886270.00	6.35
1886449.00	6.53
1886542.00	7.00
1886761.00	7.37
1886852.00	6.89
1887082.00	6.78
1887125.00	7.26
1887434.00	6.78
1887459.00	6.30
1887746.00	6.28
1887821.00	6.39
1888056.00	6.41
1888124.00	7.00
1888322.00	7.57
1888404.00	7.85
1888631.00	7.29
1888784.00	6.28
1888971.00	5.97
1889187.00	5.81
1889284.00	6.08
1889484.00	7.03
1889557.00	7.53
1889713.00	8.60
1889866.00	8.15
1890096.00	6.28
1890150.00	6.57
1890463.00	6.35
1890746.00	6.70
1890771.00	7.25
1891056.00	6.93
1891103.00	6.70
1891345.00	6.93
1891485.00	6.50
1891657.00	6.25
1891795.00	6.91
1891959.00	7.00
1892098.00	7.06
1892268.00	7.00
1892395.00	7.10
1892556.00	7.35
1892772.00	6.58
1892865.00	6.31
1893118.00	6.56
1893150.00	6.87
1893430.00	7.20
1893456.00	6.92
1893718.00	7.21
1893751.00	7.36
1894060.00	7.17
1894091.00	6.33
1894363.00	6.43
1894444.00	6.57
1894670.00	6.51
1894762.00	6.86
1894973.00	6.90
1895073.00	6.98
1895282.00	6.91
1895441.00	6.38
1895553.00	6.88
1895776.00	7.16
1895860.00	6.69
1896096.00	6.85
1896146.00	7.12
1896422.00	7.04
1896455.00	6.74
1896743.00	7.00
1896786.00	6.65
1897050.00	6.43
1897115.00	6.76
1897344.00	6.89
1897436.00	6.98
1897654.00	6.80
1897758.00	6.78
1897924.00	7.31
1898120.00	6.94
1898230.00	6.45
1898486.00	6.42
1898521.00	6.61
1898807.00	7.02
1898830.00	6.80
1899065.00	7.91
1899110.00	8.11
1899370.00	7.03
1899470.00	6.47
1899669.00	6.56
1899861.00	6.32
1899979.00	6.21
1900183.00	6.79
1900281.00	6.88
1900508.00	6.85
1900588.00	6.77
1900863.00	7.19
1900869.00	6.87
1901173.00	6.43
1901210.00	6.59
1901427.00	7.35
1901529.00	7.57
1901735.00	6.85
1901846.00	6.88
1902003.00	7.37
1902206.00	6.95
1902313.00	6.43
1902563.00	6.47
1902583.00	6.96
1902881.00	7.31
1902890.00	6.85
1903196.00	6.86
1903215.00	6.71
1903505.00	6.67
1903575.00	6.45
1903780.00	6.88
1903921.00	6.99
1904086.00	6.60
1904235.00	6.91
1904353.00	7.44
1904544.00	7.49
1904661.00	6.94
1904903.00	6.47
1904960.00	6.57
1905262.00	6.57
1905267.00	6.48
1905537.00	6.95
1905576.00	7.38
1905845.00	6.90
1905907.00	6.73
1906115.00	7.20
1906266.00	6.93
1906422.00	6.47
1906621.00	6.53
1906732.00	6.48
1906929.00	6.92
1907039.00	6.95
1907226.00	7.09
1907303.00	7.66
1907588.00	7.02
1907610.00	6.46
1907929.00	6.64
1907947.00	6.32
1908233.00	6.70
1908257.00	6.98
1908527.00	7.49
1908545.00	7.40
1908833.00	6.93
1908912.00	6.43
1909116.00	6.72
1909262.00	6.87
1909425.00	6.53
1909555.00	7.12
1909707.00	7.45
1909828.00	7.74
1910013.00	7.45
1910195.00	6.42
1910300.00	6.64
1910583.00	6.49
1910607.00	6.25
1910871.00	7.22
1910908.00	7.29
1911090.00	8.45
1911215.00	8.39
1911458.00	6.41
1911499.00	6.68
1911806.00	6.41
1911811.00	6.53
1912087.00	6.85
1912109.00	7.41
1912392.00	7.11
1912428.00	6.87
1912685.00	7.03
1912796.00	6.59
1912990.00	6.42
1913093.00	7.09
1913290.00	7.16
1913386.00	7.24
1913595.00	7.18
1913668.00	7.30
1913895.00	7.35
1914030.00	6.53
1914202.00	6.45
1914362.00	6.72
1914470.00	7.23
1914661.00	7.59
1914775.00	7.12
1914938.00	7.40
1915057.00	7.68
1915294.00	6.81
1915365.00	6.50
1915634.00	6.64
1915652.00	6.89
1915939.00	7.26
1915956.00	7.05
1916237.00	7.13
1916249.00	7.24
1916556.00	7.09
1916590.00	6.53
1916823.00	7.05
1916913.00	7.33
1917128.00	6.83
1917220.00	7.01
1917418.00	7.19
1917533.00	7.13
1917724.00	6.93
1917885.00	6.55
1917959.00	7.63
1918201.00	7.96
1918262.00	6.92
1918510.00	7.02
1918558.00	7.08
1918821.00	7.05
1918865.00	6.93
1919166.00	7.00
1919170.00	6.63
1919473.00	6.56
1919525.00	6.51
1919745.00	6.96
1919835.00	7.39
1920054.00	6.93
1920129.00	7.13
1920305.00	7.91
1920478.00	7.32
1920611.00	6.57
1920858.00	6.32
1920879.00	6.83
1921171.00	7.44
1921185.00	6.92
1921455.00	7.41
1921486.00	7.37
1921759.00	6.91
1921837.00	6.57
1922063.00	6.57
1922170.00	6.75
1922372.00	6.70
1922480.00	6.92
1922644.00	7.38
1922789.00	7.40
1922947.00	7.00
1923140.00	6.59
1923213.00	7.08
1923488.00	7.10
1923520.00	6.58
1923800.00	6.94
1923817.00	7.05
1924122.00	6.97
1924127.00	6.79
1924391.00	7.25
1924479.00	7.02
1924696.00	6.55
1924819.00	6.66
1924965.00	7.13
1925129.00	7.45
1925269.00	6.99
1925432.00	7.05
1925578.00	7.00
1925785.00	6.51
1925884.00	6.52
1926141.00	6.51
1926145.00	7.12
1926450.00	7.57
1926452.00	6.95
1926777.00	6.76
1926784.00	6.50
1927094.00	6.74
1927132.00	6.49
1927362.00	7.02
1927485.00	7.03
1927667.00	6.55
1927790.00	7.02
1927948.00	7.34
1928086.00	7.46
1928255.00	7.11
1928444.00	6.46
1928536.00	6.81
1928783.00	6.98
1928840.00	6.67
1929085.00	7.06
1929127.00	7.29
1929397.00	7.18
1929433.00	6.92
1929732.00	7.01
1929760.00	6.53
1930037.00	6.46
1930109.00	6.58
1930321.00	6.84
1930404.00	7.41
1930628.00	7.14
1930674.00	7.45
1930907.00	7.79
1931041.00	6.76
1931211.00	6.45
1931431.00	6.28
1931503.00	6.43
1931716.00	7.43
1931808.00	7.27
1931936.00	8.39
1932107.00	8.45
1932306.00	6.48
1932410.00	6.43
1932660.00	6.56
1932710.00	6.60
1932958.00	7.16
1933015.00	7.11
1933276.00	6.88
1933283.00	7.38
1933587.00	6.90
1933647.00	6.43
1933869.00	6.68
1933945.00	7.38
1934174.00	7.12
1934239.00	7.18
1934460.00	7.40
1934525.00	7.49
1934764.00	7.28
1934888.00	6.49
1935055.00	6.63
1935224.00	6.87
1935361.00	6.68
1935526.00	7.05
1935628.00	7.58
1935806.00	7.87
1935931.00	7.37
1936166.00	6.51
1936219.00	6.71
1936510.00	6.85
1936526.00	6.59
1936758.00	7.75
1936820.00	8.09
1937060.00	6.99
1937123.00	7.07
1937356.00	7.17
1937481.00	6.63
1937662.00	6.50
1937809.00	6.78
1937963.00	6.83
1938121.00	7.00
1938268.00	6.96
1938439.00	6.88
1938539.00	7.32
1938797.00	6.94
1938847.00	6.48
1939098.00	7.26
1939119.00	7.59
1939402.00	6.86
1939433.00	6.95
1939669.00	7.41
1939750.00	7.39
1939976.00	6.89
1940106.00	6.51
1940243.00	7.02
1940468.00	6.98
1940548.00	6.48
1940784.00	6.89
1940850.00	6.92
1941084.00	7.12
1941158.00	7.05
1941431.00	7.51
1941441.00	6.95
1941734.00	6.54
1941829.00	6.30
1941998.00	6.82
1942148.00	7.41
1942305.00	6.85
1942472.00	6.80
1942599.00	6.96
1942828.00	6.64
1942904.00	6.51
1943169.00	6.65
1943172.00	7.15
1943478.00	6.65
1943485.00	6.91
1943746.00	7.38
1943801.00	7.37
1944050.00	6.92
1944160.00	6.52
1944358.00	6.46
1944517.00	6.49
1944664.00	6.52
1944833.00	6.89
1944925.00	7.48
1945169.00	7.30
1945230.00	6.72
1945528.00	6.50
1945565.00	6.16
1945872.00	6.46
1945876.00	6.57
1946141.00	7.06
1946190.00	7.39
1946446.00	6.93
1946500.00	6.98
1946724.00	7.31
1946860.00	6.84
1947032.00	6.46
1947221.00	6.44
1947312.00	6.81
1947537.00	7.24
1947615.00	6.92
1947869.00	6.74
1947901.00	6.96
1948206.00	6.73
1948230.00	6.48
1948505.00	6.55
1948590.00	6.57
1948809.00	6.51
1948900.00	6.98
1949093.00	7.24
1949200.00	7.35
1949397.00	7.08
1949564.00	6.45
1949677.00	6.78
1949909.00	6.94
1949979.00	6.66
1950216.00	7.05
1950269.00	7.19
1950532.00	7.11
1950572.00	6.92
1950870.00	7.01
1950902.00	6.50
1951172.00	6.45
1951256.00	6.59
1951470.00	6.63
1951555.00	7.18
1951775.00	7.10
1951830.00	7.42
1952040.00	7.92
1952202.00	6.91
1952341.00	6.44
1952598.00	6.27
1952623.00	6.52
1952889.00	7.50
1952926.00	7.24
1953113.00	8.33
1953210.00	8.54
1953488.00	6.62
1953512.00	6.42
1953802.00	6.57
1953846.00	6.70
1954105.00	6.54
1954149.00	7.08
1954371.00	7.55
1954473.00	7.32
1954674.00	6.84
1954846.00	6.41
1954960.00	6.62
1955149.00	7.28
1955265.00	7.05
1955446.00	7.12
1955495.00	8.26
1955734.00	8.38
1955796.00	7.28
1956091.00	7.35
1956102.00	6.54
1956396.00	6.43
1956441.00	6.68
1956694.00	6.75
1956746.00	7.12
1956998.00	7.06
1957027.00	7.35
1957268.00	7.76
1957389.00	6.91
1957575.00	6.46
1957735.00	6.60
1957824.00	7.41
1958045.00	7.76
1958127.00	7.00
1958348.00	7.08
1958391.00	7.58
1958695.00	7.06
1958706.00	6.51
1958963.00	7.00
1959033.00	7.29
1959265.00	6.83
1959344.00	7.00
1959566.00	7.01
1959662.00	6.94
1959871.00	6.88
1960018.00	6.53
1960142.00	6.98
1960338.00	7.31
1960443.00	6.92
1960651.00	6.99
1960706.00	7.51
1960964.00	7.51
1961010.00	6.96
1961303.00	7.06
1961317.00	6.68
1961606.00	6.57
1961674.00	6.54
1961872.00	7.05
1961987.00	7.46
1962176.00	6.96
1962281.00	7.17
1962441.00	7.66
1962633.00	7.07
1962743.00	6.59
1963015.00	6.36
1963050.00	6.31
1963329.00	6.91
1963354.00	6.95
1963613.00	7.55
1963646.00	7.50
1963915.00	6.93
1963997.00	6.61
1964247.00	6.28
1964331.00	6.44
1964553.00	6.73
1964641.00	6.97
1964820.00	7.47
1964951.00	7.47
1965122.00	7.00
1965301.00	6.61
1965401.00	6.90
1965650.00	6.91
1965706.00	6.59
1965961.00	6.98
1965985.00	7.31
1966287.00	7.00
1966288.00	6.81
1966571.00	7.04
1966639.00	6.82
1966874.00	6.60
1966979.00	6.70
1967171.00	6.74
1967286.00	7.09
1967474.00	7.05
1967589.00	7.09
1967755.00	7.36
1967940.00	6.86
1968058.00	6.59
1968292.00	6.57
1968336.00	6.90
1968600.00	7.34
1968637.00	7.05
1968924.00	6.88
1968927.00	7.01
1969229.00	6.85
1969276.00	6.60
1969525.00	6.67
1969625.00	6.69
1969827.00	6.62
1969926.00	7.10
1970125.00	7.15
1970219.00	7.26
1970428.00	7.20
1970573.00	6.55
1970693.00	7.07
1970910.00	7.24
1970995.00	6.75
1971208.00	7.15
1971274.00	7.42
1971514.00	7.32
1971578.00	7.02
1971862.00	7.28
1971873.00	6.78
1972164.00	6.54
1972219.00	6.63
1972453.00	6.78
1972509.00	7.40
1972756.00	7.24
1972776.00	7.55
1973022.00	8.04
1973138.00	6.99
1973325.00	6.51
1973522.00	6.34
1973610.00	6.55
1973805.00	7.56
1973915.00	7.32
1974022.00	8.44
1974145.00	9.57
1974386.00	7.60
1974446.00	6.50
1974735.00	6.63
1974741.00	6.71
1975030.00	7.29
1975045.00	7.18
1975344.00	7.22
1975345.00	6.98
1975646.00	6.95
1975709.00	6.49
1975916.00	6.91
1976003.00	7.61
1976222.00	7.15
1976292.00	7.22
1976472.00	7.99
1976573.00	8.10
1976774.00	7.35
1976932.00	6.53
1977038.00	7.05
1977262.00	7.31
1977343.00	6.77
1977560.00	7.11
1977610.00	7.62
1977835.00	7.94
1977912.00	7.47
1978188.00	6.60
1978213.00	6.60
1978518.00	6.54
1978526.00	6.67
1978788.00	7.15
1978829.00	7.50
1979091.00	7.07
1979127.00	7.15
1979354.00	7.68
1979477.00	7.13
1979657.00	6.58
1979797.00	6.87
1979952.00	6.99
1980103.00	7.15
1980255.00	7.06
1980413.00	7.00
1980520.00	7.48
1980763.00	7.09
1980825.00	6.57
1981078.00	6.91
1981090.00	7.44
1981385.00	7.54
1981392.00	7.06
1981693.00	7.04
1981698.00	6.98
1982002.00	7.00
1982041.00	6.60
1982262.00	7.20
1982392.00	7.17
1982564.00	6.60
1982700.00	7.02
1982898.00	6.69
1982991.00	6.90
1983203.00	7.19
1983338.00	6.61
1983472.00	7.09
1983714.00	6.84
1983773.00	6.41
1984024.00	7.04
1984053.00	7.29
1984337.00	7.26
1984359.00	6.93
1984638.00	7.29
1984683.00	6.95
1984941.00	6.64
1985013.00	6.80
1985226.00	7.01
1985320.00	7.25
1985530.00	7.01
1985626.00	7.03
1985828.00	7.12
1985973.00	6.69
1986131.00	6.62
1986319.00	6.64
1986414.00	6.88
1986626.00	7.25
1986718.00	7.01
1986950.00	6.84
1986997.00	7.14
1987299.00	6.62
1987589.00	6.77
1987635.00	6.88
1987893.00	6.72
1987940.00	7.06
1988190.00	7.12
1988240.00	7.18
1988492.00	7.14
1988590.00	6.62
1988790.00	6.65
1988941.00	6.65
1989094.00	6.59
1989248.00	7.03
1989360.00	7.54
1989571.00	7.36
1989661.00	6.86
1989923.00	6.60
1989941.00	6.88
1990244.00	6.59
1990272.00	6.60
1990529.00	6.83
1990574.00	7.32
1990832.00	7.09
1990867.00	7.18
1991121.00	7.35
1991223.00	6.72
1991424.00	6.56
1991560.00	6.72
1991690.00	7.22
1991860.00	7.61
1991992.00	7.10
1992168.00	7.01
1992279.00	7.21
1992531.00	6.69
1992585.00	6.46
1992817.00	7.59
1992879.00	7.71
1993118.00	6.64
1993171.00	7.21
1993412.00	7.29
1993442.00	7.60
1993717.00	7.49
1993808.00	6.45
1994015.00	6.52
1994197.00	6.35
1994318.00	6.29
1994484.00	7.27
1994588.00	7.70
1994704.00	8.81
1994894.00	8.35
1995074.00	6.40
1995144.00	7.19
1995429.00	7.29
1995447.00	6.55
1995713.00	7.05
1995728.00	7.62
1996016.00	7.10
1996051.00	6.85
1996283.00	7.34
1996422.00	6.89
1996586.00	6.43
1996721.00	7.13
1996886.00	7.15
1997017.00	7.20
1997192.00	7.14
1997305.00	7.22
1997461.00	7.67
1997672.00	6.88
1997763.00	6.46
1998010.00	6.71
1998026.00	7.24
1998315.00	7.58
1998330.00	7.05
1998597.00	7.33
1998625.00	7.42
1998929.00	7.32
1998960.00	6.47
1999196.00	6.98
1999308.00	7.11
1999498.00	6.63
1999620.00	6.99
1999764.00	7.47
1999924.00	7.56
