1006143.00	0.01
1007013.00	0.01
1009339.00	1.85
1009628.00	4.10
1011568.00	4.90
1011949.00	5.18
1013555.00	5.50
1014081.00	5.73
1015205.00	6.33
1015924.00	6.77
1016883.00	6.71
1017506.00	7.24
1018309.00	7.85
1019007.00	8.05
1019771.00	7.96
1020651.00	7.61
1021212.00	7.67
1022205.00	7.88
1022576.00	8.11
1023515.00	8.81
1023950.00	8.78
1024867.00	8.65
1025222.00	8.99
1026264.00	10.01
1026280.00	9.82
1027510.00	8.90
1027634.00	9.08
1028675.00	9.41
1028806.00	10.08
1029826.00	10.15
1029924.00	10.39
1030881.00	10.85
1031227.00	10.11
1031988.00	9.85
1032401.00	10.33
1033049.00	10.56
1033424.00	11.31
1034091.00	11.42
1034468.00	11.31
1035112.00	11.42
1035637.00	10.81
1036126.00	10.84
1036713.00	11.28
1037080.00	11.65
1037607.00	12.76
1038036.00	12.76
1038430.00	13.32
1038923.00	13.78
1039518.00	12.05
1039876.00	11.60
1040645.00	11.42
1040823.00	11.44
1041466.00	13.39
1041738.00	13.62
1042100.00	15.72
1042684.00	15.51
1043132.00	11.94
1043582.00	12.27
1044092.00	12.70
1044478.00	12.71
1044899.00	13.87
1045345.00	14.10
1045762.00	13.64
1046207.00	13.66
1046739.00	12.85
1047081.00	12.76
1047516.00	14.32
1047927.00	14.55
1048285.00	14.63
1048778.00	14.58
1049041.00	14.71
1049673.00	14.37
1049991.00	12.78
1050530.00	13.07
1050858.00	13.67
1051373.00	13.78
1051642.00	14.50
1052206.00	14.58
1052380.00	15.05
1053043.00	15.03
1053314.00	13.35
1053891.00	13.25
1054194.00	13.64
1054710.00	13.89
1054987.00	14.63
1055537.00	14.57
1055763.00	14.72
1056314.00	15.17
1056667.00	14.10
1057163.00	13.46
1057482.00	14.18
1058125.00	13.37
1058266.00	13.63
1058950.00	14.64
1059070.00	14.46
1059719.00	14.99
1059963.00	14.26
1060554.00	13.67
1060751.00	14.53
1061434.00	14.16
1061529.00	14.27
1062250.00	14.79
1062313.00	14.73
1063045.00	14.92
1063186.00	14.16
1063876.00	13.84
1064055.00	13.87
1064640.00	14.50
1064823.00	15.39
1065456.00	14.91
1065552.00	15.31
1066319.00	14.90
1066414.00	13.66
1067156.00	13.89
1067342.00	13.39
1067919.00	14.06
1068115.00	15.35
1068742.00	14.80
1068897.00	14.69
1069529.00	15.01
1069754.00	14.37
1070367.00	13.91
1070553.00	14.39
1071233.00	14.17
1071303.00	14.67
1072049.00	15.08
1072053.00	15.06
1072846.00	15.23
1072897.00	14.37
1073680.00	14.04
1073723.00	14.20
1074462.00	14.67
1074468.00	15.44
1075264.00	14.92
1075274.00	14.65
1076023.00	15.24
1076113.00	14.80
1076845.00	14.12
1076928.00	14.40
1077593.00	15.11
1077680.00	15.73
1078398.00	15.16
1078433.00	15.14
1079231.00	14.89
1079303.00	13.85
1080056.00	13.91
1080172.00	13.92
1080909.00	13.69
1080937.00	14.61
1081720.00	14.96
1081751.00	14.51
1082397.00	15.95
1082630.00	15.40
1083233.00	13.75
1083492.00	13.88
1084039.00	14.14
1084247.00	15.11
1084856.00	15.01
1084986.00	15.19
1085620.00	15.70
1085872.00	14.37
1086440.00	13.82
1086703.00	14.27
1087243.00	14.44
1087448.00	15.24
1088043.00	15.26
1088231.00	14.89
1088846.00	14.87
1089139.00	13.83
1089658.00	13.73
1090006.00	14.05
1090437.00	14.36
1090743.00	15.54
1091228.00	15.43
1091435.00	15.96
1091976.00	16.39
1092366.00	14.20
1092789.00	13.58
1093351.00	13.23
1093608.00	13.17
1094079.00	15.28
1094412.00	15.42
1094651.00	17.64
1095254.00	17.31
1095591.00	13.26
1096063.00	13.56
1096479.00	13.93
1096877.00	13.88
1097230.00	15.08
1097668.00	15.29
1098040.00	14.73
1098461.00	14.71
1098967.00	13.78
1099272.00	13.62
1099711.00	15.18
1100055.00	15.44
1100450.00	15.50
1100851.00	15.39
1101180.00	15.48
1101685.00	15.13
1102099.00	13.47
1102484.00	13.77
1102937.00	14.38
1103270.00	14.52
1103699.00	15.24
1104044.00	15.34
1104416.00	15.82
1104825.00	15.76
1105327.00	14.01
1105614.00	13.94
1106190.00	14.31
1106375.00	14.56
1106968.00	15.30
1107145.00	15.22
1107735.00	15.33
1107868.00	15.84
1108630.00	14.74
1108653.00	14.08
1109436.00	14.80
1109543.00	13.93
1110215.00	14.19
1110308.00	15.25
1111017.00	15.65
1111783.00	15.04
1111905.00	14.34
1112589.00	13.96
1112691.00	14.81
1113332.00	15.42
1113463.00	15.56
1114049.00	15.85
1114241.00	15.79
1114796.00	15.46
1115107.00	14.70
1115483.00	15.40
1115966.00	15.44
1116210.00	14.95
1116729.00	15.83
1116977.00	15.41
1117452.00	15.83
1117728.00	16.00
1118311.00	14.71
1118412.00	15.46
1119154.00	14.80
1119238.00	14.30
1119867.00	14.63
1120011.00	15.88
1120633.00	15.30
1120792.00	15.23
1121424.00	14.99
1121647.00	14.34
1122175.00	14.75
1122446.00	15.22
1122906.00	15.42
1123195.00	15.93
1123673.00	15.55
1123947.00	15.51
1124391.00	16.05
1124793.00	15.19
1125140.00	14.82
1125620.00	14.98
1125830.00	15.66
1126366.00	16.44
1126594.00	15.63
1127163.00	15.12
1127287.00	15.91
1128005.00	15.51
1128033.00	14.90
1128802.00	14.66
1128810.00	14.99
1129545.00	15.69
1129561.00	15.78
1130274.00	15.83
1130348.00	15.57
1131095.00	15.98
1131107.00	14.98
1131715.00	16.57
1131929.00	16.64
1132483.00	14.83
1132648.00	15.86
1133223.00	16.16
1133406.00	15.74
1133977.00	15.58
1134218.00	15.08
1134682.00	15.63
1135014.00	15.76
1135441.00	15.16
1135708.00	16.26
1136185.00	16.41
1136386.00	16.62
1136929.00	16.61
1137195.00	15.18
1137669.00	15.24
1137950.00	15.77
1138417.00	15.68
1138623.00	16.63
1139130.00	17.03
1139324.00	16.68
1139852.00	16.56
1140133.00	15.44
1140529.00	15.99
1140897.00	16.42
1141263.00	15.72
1141546.00	17.10
1142003.00	17.06
1142149.00	17.74
1142723.00	17.94
1142958.00	15.46
1143474.00	15.14
1143807.00	14.79
1144192.00	15.14
1144432.00	17.64
1144912.00	17.63
1144920.00	20.26
1145607.00	20.55
1145719.00	15.86
1146298.00	15.92
1146474.00	16.34
1147000.00	16.18
1147107.00	17.68
1147675.00	18.03
1147792.00	17.33
1148354.00	17.27
1148571.00	16.24
1149067.00	15.83
1149192.00	17.76
1149749.00	18.14
1149806.00	18.24
1150408.00	18.43
1150418.00	18.59
1151077.00	18.72
1151168.00	16.70
1151739.00	16.67
1151858.00	17.45
1152405.00	17.38
1152481.00	18.31
1153048.00	18.65
1153066.00	19.23
1153691.00	19.20
1153808.00	17.09
1154295.00	17.71
1154508.00	18.20
1154953.00	17.37
1155139.00	18.26
1155698.00	17.23
1155758.00	17.42
1156338.00	18.72
1156486.00	17.31
1156932.00	18.02
1157141.00	18.91
1157578.00	18.13
1157771.00	18.47
1158258.00	18.01
1158419.00	17.77
1158882.00	18.53
1159141.00	17.61
1159490.00	17.86
1159780.00	18.91
1160120.00	18.57
1160410.00	18.70
1160700.00	19.52
1161045.00	19.45
1161313.00	18.89
1161754.00	17.92
1161958.00	17.45
1162465.00	17.44
1162579.00	17.80
1163089.00	18.94
1163144.00	19.87
1163684.00	20.33
1163747.00	19.68
1164319.00	20.20
1164385.00	18.70
1164933.00	18.01
1165141.00	17.40
1165561.00	17.19
1165767.00	18.80
1166157.00	19.29
1166398.00	19.22
1166734.00	19.56
1167090.00	18.74
1167336.00	18.30
1167740.00	18.86
1167898.00	19.56
1168345.00	20.22
1168482.00	19.84
1168951.00	19.81
1169018.00	20.67
1169608.00	19.69
1169630.00	18.66
1170145.00	19.66
1170296.00	19.85
1170722.00	19.07
1170891.00	20.09
1171315.00	19.83
1171525.00	19.26
1171899.00	19.37
1172197.00	18.85
1172506.00	18.50
1172838.00	18.91
1173076.00	19.54
1173420.00	20.46
1173548.00	22.56
1173996.00	22.68
1174131.00	20.35
1174659.00	19.02
1174695.00	19.36
1175263.00	19.29
1175317.00	19.35
1175796.00	20.04
1175889.00	21.35
1176371.00	20.52
1176494.00	20.00
1176938.00	20.16
1177143.00	19.48
1177499.00	19.58
1177780.00	19.76
1178059.00	19.80
1178333.00	21.21
1178627.00	21.02
1178869.00	21.34
1179172.00	21.80
1179514.00	19.95
1179726.00	19.78
1180112.00	20.48
1180241.00	21.29
1180647.00	22.47
1180801.00	21.57
1181198.00	21.23
1181365.00	21.13
1181834.00	19.71
1181917.00	19.95
1182438.00	20.46
1182490.00	20.05
1182943.00	21.92
1183045.00	22.25
1183413.00	23.15
1183603.00	23.11
1184042.00	19.94
1184145.00	20.25
1184684.00	20.29
1184701.00	19.88
1185187.00	23.02
1185235.00	22.79
1185565.00	26.32
1185769.00	26.68
1186187.00	20.54
1186308.00	20.41
1186775.00	20.95
1186873.00	20.44
1187271.00	22.30
1187416.00	22.74
1187807.00	21.88
1187953.00	21.98
1188414.00	20.66
1188481.00	20.84
1188903.00	23.23
1189014.00	23.14
1189385.00	23.27
1189551.00	23.16
1189855.00	23.53
1190073.00	23.87
1190448.00	21.26
1190594.00	21.23
1190988.00	22.19
1191079.00	23.05
1191475.00	24.24
1191612.00	23.15
1191930.00	24.03
1192213.00	22.78
1192507.00	20.01
1192728.00	21.65
1193052.00	22.27
1193206.00	23.15
1193542.00	24.34
1193726.00	23.35
1194021.00	23.60
1194274.00	23.02
1194584.00	21.23
1194780.00	22.12
1195091.00	23.26
1195266.00	23.74
1195578.00	24.24
1195775.00	23.69
1196074.00	23.42
1196244.00	24.44
1196627.00	23.24
1196737.00	22.58
1197117.00	23.95
1197254.00	23.41
1197599.00	23.64
1197757.00	23.96
1198084.00	23.86
1198212.00	25.09
1198624.00	23.85
1198699.00	23.00
1199160.00	23.71
1199164.00	23.71
1199641.00	25.18
1199654.00	24.30
1200091.00	25.01
1200165.00	24.64
1200621.00	22.64
1200644.00	23.42
1201107.00	23.79
1201194.00	22.98
1201591.00	22.48
1201666.00	24.68
1202046.00	25.40
1202143.00	25.27
1202513.00	24.96
1202667.00	23.88
1202943.00	24.99
1203160.00	25.70
1203417.00	24.40
1203618.00	25.26
1203851.00	26.44
1204077.00	26.47
1204312.00	25.61
1204593.00	24.17
1204787.00	23.82
1205099.00	24.02
1205255.00	24.20
1205552.00	25.59
1205738.00	25.22
1206031.00	24.52
1206189.00	25.36
1206541.00	24.63
1206564.00	27.32
1207024.00	24.38
1207027.00	24.90
1207471.00	26.44
1207907.00	26.72
1207921.00	26.66
1208342.00	27.50
1208411.00	25.67
1208797.00	24.69
1208911.00	24.76
1209247.00	24.87
1209347.00	26.57
1209693.00	26.72
1209808.00	26.01
1210137.00	26.01
1210306.00	25.09
1210586.00	24.97
1210795.00	25.19
1211021.00	25.61
1211219.00	27.43
1211461.00	27.31
1211630.00	27.75
1211870.00	28.73
1212129.00	26.23
1212317.00	25.04
1212593.00	25.90
1212768.00	25.78
1213008.00	27.32
1213207.00	27.68
1213438.00	27.18
1213664.00	26.62
1213935.00	24.72
1214107.00	25.13
1214409.00	25.72
1214555.00	25.60
1214809.00	27.90
1214988.00	28.30
1215179.00	29.49
1215419.00	29.59
1215676.00	25.52
1215859.00	25.27
1216202.00	24.64
1216286.00	25.05
1216588.00	29.09
1216717.00	28.96
1216888.00	33.40
1217168.00	32.76
1217385.00	24.91
1217607.00	25.27
1217859.00	25.87
1218041.00	26.03
1218257.00	28.34
1218467.00	28.59
1218687.00	27.56
1218898.00	27.40
1219180.00	25.64
1219332.00	25.55
1219575.00	28.45
1219756.00	28.80
1219965.00	29.03
1220180.00	29.00
1220347.00	29.35
1220578.00	30.26
1220828.00	27.02
1221016.00	25.67
1221270.00	26.78
1221512.00	25.23
1221668.00	26.70
1221939.00	28.63
1222040.00	29.70
1222335.00	30.75
1222513.00	27.33
1222769.00	26.06
1222963.00	26.69
1223230.00	25.87
1223368.00	27.32
1223656.00	28.37
1223765.00	28.66
1224068.00	29.13
1224233.00	26.88
1224502.00	26.19
1224657.00	27.50
1224903.00	28.62
1225064.00	29.20
1225327.00	28.37
1225478.00	28.12
1225772.00	27.50
1225943.00	25.93
1226205.00	26.27
1226357.00	27.83
1226601.00	29.14
1226764.00	29.42
1227026.00	28.37
1227173.00	28.26
1227431.00	28.98
1227633.00	27.41
1227864.00	26.44
1228094.00	26.35
1228316.00	25.78
1228501.00	27.54
1228742.00	28.34
1228886.00	29.13
1229155.00	29.60
1229342.00	27.24
1229588.00	26.52
1229837.00	25.45
1229997.00	26.28
1230245.00	28.88
1230422.00	28.37
1230656.00	28.22
1230811.00	29.47
1231111.00	28.12
1231241.00	26.64
1231542.00	27.33
1231637.00	28.58
1231943.00	29.60
1232059.00	28.65
1232345.00	28.65
1232495.00	28.20
1232799.00	26.46
1232928.00	26.55
1233248.00	26.75
1233375.00	26.33
1233649.00	27.87
1233796.00	28.68
1234073.00	27.85
1234144.00	30.79
1234527.00	29.93
1234575.00	26.70
1234962.00	27.24
1234992.00	27.70
1235359.00	29.00
1235414.00	28.76
1235751.00	28.95
1235808.00	30.02
1236204.00	27.99
1236236.00	26.80
1236657.00	26.80
1236661.00	26.86
1237054.00	28.73
1237083.00	28.83
1237472.00	28.02
1237505.00	28.05
1237926.00	26.97
1237932.00	26.77
1238347.00	27.17
1238373.00	27.37
1238762.00	29.38
1238765.00	29.24
1239140.00	29.64
1239157.00	30.61
1239586.00	29.31
1239595.00	26.65
1240017.00	26.62
1240025.00	27.40
1240406.00	29.20
1240438.00	29.49
1240803.00	28.79
1240877.00	28.22
1241263.00	26.22
1241302.00	26.67
1241704.00	27.22
1241732.00	27.06
1242073.00	29.66
1242148.00	30.12
1242418.00	31.28
1242563.00	31.32
1242879.00	26.97
1242986.00	26.70
1243370.00	25.95
1243397.00	26.35
1243730.00	30.65
1243813.00	30.48
1244009.00	35.35
1244249.00	34.73
1244474.00	26.24
1244671.00	26.62
1244918.00	27.19
1245091.00	27.33
1245293.00	29.81
1245503.00	30.05
1245695.00	28.91
1245918.00	28.84
1246160.00	26.92
1246337.00	26.75
1246535.00	29.77
1246748.00	30.07
1246902.00	30.37
1247158.00	30.34
1247264.00	30.65
1247543.00	31.62
1247720.00	28.19
1247967.00	26.81
1248140.00	27.98
1248446.00	26.33
1248519.00	27.86
1248860.00	29.81
1248872.00	30.87
1249244.00	31.98
1249324.00	28.40
1249664.00	27.12
1249754.00	27.73
1250111.00	26.82
1250142.00	28.33
1250523.00	29.83
1250922.00	30.26
1250970.00	27.91
1251342.00	27.21
1251377.00	28.57
1251729.00	29.73
1251768.00	30.32
1252141.00	29.40
1252165.00	29.10
1252571.00	28.50
1252613.00	26.88
1252990.00	27.24
1253013.00	28.78
1253372.00	30.15
1253403.00	30.49
1253784.00	29.36
1253799.00	29.17
1254175.00	29.94
1254243.00	28.36
1254597.00	27.29
1254689.00	27.17
1255035.00	26.63
1255082.00	28.48
1255450.00	29.25
1255455.00	30.02
1255851.00	30.48
1255897.00	28.02
1256273.00	27.29
1256377.00	26.26
1256672.00	27.06
1256772.00	29.68
1257085.00	29.18
1257172.00	29.03
1257464.00	30.31
1257613.00	28.87
1257886.00	27.32
1258031.00	28.08
1258273.00	29.31
1258421.00	30.32
1258687.00	29.37
1258812.00	29.37
1259113.00	28.93
1259254.00	27.18
1259537.00	27.25
1259690.00	27.37
1259977.00	26.87
1260078.00	28.57
1260390.00	29.44
1260491.00	28.53
1260734.00	31.39
1260933.00	30.45
1261157.00	27.25
1261355.00	27.88
1261568.00	28.29
1261743.00	29.55
1261984.00	29.38
1262124.00	29.58
1262373.00	30.56
1262564.00	28.53
1262796.00	27.35
1263005.00	27.32
1263214.00	27.42
1263391.00	29.32
1263632.00	29.35
1263799.00	28.56
1264047.00	28.67
1264240.00	27.58
1264469.00	27.35
1264675.00	27.50
1264880.00	27.91
1265053.00	29.95
1265293.00	29.85
1265420.00	30.36
1265681.00	31.28
1265865.00	28.42
1266106.00	27.10
1266282.00	27.99
1266533.00	27.92
1266653.00	29.72
1266950.00	30.05
1267039.00	29.39
1267385.00	28.80
1267489.00	26.63
1267808.00	27.05
1267917.00	27.72
1268235.00	27.56
1268277.00	30.16
1268613.00	31.38
1268647.00	31.92
1269061.00	31.81
1269064.00	27.29
1269482.00	27.05
1269543.00	26.26
1269893.00	31.16
1270167.00	35.91
1270306.00	35.84
1270620.00	27.27
1270742.00	26.54
1271052.00	27.15
1271160.00	27.70
1271417.00	30.23
1271579.00	30.20
1271810.00	29.09
1271989.00	29.39
1272261.00	27.46
1272402.00	27.35
1272627.00	30.40
1272820.00	30.23
1272985.00	30.50
1273229.00	30.85
1273335.00	31.27
1273637.00	31.27
1273781.00	27.67
1274020.00	28.66
1274188.00	29.89
1274439.00	28.53
1274555.00	30.11
1274899.00	31.23
1274917.00	29.50
1275327.00	31.58
1275337.00	27.88
1275708.00	28.90
1275753.00	29.61
1276123.00	28.39
1276130.00	29.82
1276497.00	30.20
1276565.00	29.36
1276931.00	26.96
1276971.00	28.11
1277326.00	29.42
1277365.00	29.86
1277703.00	30.58
1277779.00	29.85
1278089.00	29.53
1278161.00	30.76
1278520.00	29.10
1278566.00	28.22
1278907.00	29.80
1278989.00	29.15
1279286.00	29.47
1279402.00	29.80
1279667.00	29.76
1279778.00	31.17
1280097.00	29.40
1280182.00	28.35
1280527.00	28.28
1280565.00	29.05
1280907.00	30.88
1280977.00	29.80
1281267.00	30.66
1281406.00	30.09
1281693.00	27.56
1281811.00	28.37
1282156.00	27.29
1282205.00	27.74
1282539.00	30.37
1282617.00	29.68
1282924.00	29.60
1283008.00	30.40
1283351.00	28.93
1283411.00	28.48
1283756.00	29.16
1283780.00	30.47
1284132.00	31.63
1284192.00	29.96
1284510.00	29.88
1284571.00	31.13
1284937.00	29.34
1284976.00	28.34
1285359.00	28.54
1285393.00	28.12
1285736.00	29.79
1285809.00	29.86
1286136.00	28.92
1286239.00	28.42
1286564.00	27.49
1286643.00	28.38
1286973.00	28.95
1286980.00	31.90
1287348.00	33.24
1287394.00	29.90
1287718.00	30.16
1287797.00	30.58
1288146.00	28.38
1288206.00	28.20
1288574.00	28.20
1288587.00	29.22
1288949.00	31.17
1289002.00	29.90
1289343.00	29.11
1289415.00	29.21
1289773.00	28.00
1289825.00	28.07
1290196.00	28.29
1290234.00	28.33
1290564.00	30.41
1290652.00	30.10
1290922.00	30.59
1291056.00	31.12
1291355.00	28.19
1291465.00	27.97
1291762.00	28.91
1291847.00	29.97
1292124.00	31.73
1292265.00	30.36
1292501.00	29.76
1292689.00	29.59
1292940.00	27.34
1293101.00	27.72
1293357.00	28.46
1293532.00	27.86
1293709.00	30.39
1293949.00	30.78
1294036.00	32.11
1294373.00	31.94
1294477.00	27.28
1294783.00	27.69
1294945.00	26.92
1295191.00	27.02
1295286.00	31.76
1295553.00	36.58
1295609.00	36.24
1295995.00	27.39
1296015.00	27.84
1296420.00	28.44
1296426.00	28.22
1296775.00	30.88
1296857.00	30.25
1297160.00	29.04
1297272.00	29.53
1297601.00	27.52
1297687.00	27.49
1297958.00	30.66
1298094.00	30.97
1298308.00	31.30
1298503.00	31.23
1298651.00	31.63
1298918.00	31.45
1299086.00	27.77
1299321.00	28.12
1299484.00	29.38
1299726.00	29.34
1299844.00	30.95
1300104.00	31.99
1300178.00	33.17
1300520.00	31.74
1300608.00	27.89
1300992.00	26.21
1301015.00	26.95
1301383.00	28.49
1301397.00	30.55
1301743.00	30.91
1301773.00	32.03
1302167.00	29.59
1302183.00	28.29
1302555.00	29.55
1302620.00	28.69
1302924.00	29.47
1303022.00	30.62
1303301.00	30.28
1303409.00	30.85
1303726.00	29.11
1303817.00	28.33
1304103.00	30.02
1304194.00	31.21
1304476.00	31.46
1304591.00	30.67
1304850.00	30.63
1305008.00	29.92
1305270.00	28.18
1305412.00	28.64
1305694.00	28.47
1305783.00	29.81
1306066.00	31.75
1306179.00	30.67
1306420.00	31.48
1306554.00	32.35
1306839.00	29.80
1306961.00	28.60
1307293.00	27.45
1307379.00	27.04
1307669.00	29.76
1307774.00	30.58
1308048.00	30.45
1308158.00	30.92
1308467.00	29.47
1308559.00	28.78
1308865.00	29.49
1308939.00	30.26
1309236.00	31.38
1309330.00	30.99
1309606.00	30.94
1309689.00	32.33
1310027.00	30.48
1310088.00	28.79
1310443.00	28.96
1310453.00	30.38
1310813.00	32.06
1310844.00	30.90
1311207.00	30.02
1311246.00	29.68
1311628.00	28.68
1311643.00	28.83
1312033.00	29.38
1312056.00	28.81
1312403.00	30.18
1312445.00	31.06
1312767.00	34.52
1313164.00	31.10
1313189.00	28.83
1313549.00	29.26
1313612.00	29.26
1313938.00	29.14
1313983.00	31.06
1314302.00	32.10
1314373.00	31.33
1314696.00	30.05
1314796.00	28.88
1315088.00	28.95
1315216.00	29.05
1315478.00	29.13
1315580.00	31.29
1315866.00	31.36
1315933.00	31.92
1316262.00	31.65
1316361.00	28.71
1316643.00	29.26
1316766.00	30.04
1317031.00	29.76
1317122.00	31.68
1317393.00	32.82
1317495.00	32.15
1317788.00	30.71
1317927.00	28.48
1318190.00	28.26
1318338.00	28.99
1318579.00	29.47
1318687.00	32.02
1318985.00	31.42
1319010.00	32.84
1319379.00	33.24
1319445.00	28.49
1319779.00	28.30
1319906.00	27.54
1320166.00	28.00
1320243.00	32.75
1320505.00	37.70
1320551.00	37.78
1320940.00	28.84
1320945.00	28.49
1321331.00	28.80
1321358.00	29.39
1321709.00	32.04
1321718.00	32.00
1322087.00	30.85
1322125.00	30.13
1322518.00	30.58
1322521.00	28.49
1322871.00	31.78
1322911.00	31.82
1323216.00	32.11
1323296.00	32.42
1323552.00	32.83
1323683.00	32.75
1323978.00	29.05
1324075.00	28.85
1324371.00	30.05
1324458.00	30.45
1324723.00	32.20
1324841.00	32.16
1325051.00	33.28
1325200.00	34.36
1325471.00	30.48
1325594.00	28.94
1325871.00	29.64
1326042.00	27.87
1326231.00	29.51
1326426.00	31.70
1326583.00	32.07
1326783.00	33.28
1326998.00	30.74
1327172.00	29.34
1327377.00	30.68
1327586.00	29.77
1327737.00	30.59
1327966.00	31.82
1328106.00	31.42
1328336.00	31.93
1328518.00	30.26
1328723.00	29.56
1328888.00	31.22
1329081.00	32.42
1329249.00	32.82
1329459.00	31.95
1329612.00	31.81
1329855.00	31.14
1330021.00	29.31
1330240.00	29.66
1330433.00	29.59
1330592.00	31.07
1330793.00	33.05
1330969.00	31.98
1331136.00	32.89
1331327.00	33.68
1331540.00	31.00
1331713.00	29.84
1331980.00	28.69
1332113.00	28.11
1332343.00	30.95
1332491.00	31.85
1332709.00	31.72
1332856.00	32.28
1333114.00	30.73
1333238.00	29.92
1333497.00	30.76
1333600.00	31.65
1333855.00	32.73
1333974.00	32.20
1334213.00	32.25
1334317.00	33.67
1334616.00	31.75
1334699.00	30.04
1335016.00	30.22
1335049.00	31.64
1335372.00	33.38
1335422.00	32.29
1335749.00	31.42
1335808.00	30.88
1336153.00	29.88
1336189.00	30.08
1336541.00	30.64
1336583.00	30.13
1336895.00	31.64
1336955.00	32.56
1337242.00	32.85
1337261.00	36.23
1337640.00	32.52
1337646.00	30.16
1338007.00	30.67
1338050.00	30.67
1338379.00	30.49
1338402.00	32.56
1338727.00	33.61
1338775.00	32.76
1339105.00	31.46
1339180.00	30.21
1339479.00	30.33
1339580.00	30.48
1339850.00	30.60
1339925.00	32.95
1340220.00	33.04
1340262.00	33.44
1340597.00	33.15
1340670.00	30.14
1340961.00	30.70
1341053.00	31.61
1341329.00	31.39
1341394.00	33.28
1341674.00	34.35
1341749.00	33.71
1342049.00	32.35
1342161.00	30.01
1342430.00	29.80
1342555.00	30.49
1342801.00	30.82
1342887.00	33.52
1343187.00	32.95
1343195.00	34.45
1343562.00	34.90
1343610.00	29.87
1343940.00	29.74
1344050.00	29.00
1344308.00	29.42
1344373.00	34.24
1344622.00	39.66
1344674.00	39.79
1345038.00	30.33
1345048.00	29.94
1345413.00	30.38
1345437.00	30.98
1345772.00	33.77
1345779.00	33.72
1346133.00	32.50
1346165.00	31.62
1346538.00	32.15
1346547.00	29.99
1346883.00	33.38
1346910.00	33.42
1347212.00	33.74
1347275.00	34.04
1347535.00	34.43
1347642.00	34.34
1347942.00	30.52
1348015.00	30.27
1348318.00	31.46
1348378.00	31.89
1348655.00	33.76
1348742.00	33.71
1348969.00	34.88
1349082.00	36.02
1349371.00	31.98
1349457.00	30.40
1349754.00	31.17
1349883.00	29.22
1350098.00	30.92
1350250.00	33.17
1350437.00	33.48
1350589.00	34.80
1350835.00	32.18
1350960.00	30.72
1351198.00	32.19
1351357.00	31.11
1351544.00	31.86
1351721.00	33.21
1351897.00	32.87
1352074.00	33.37
1352292.00	31.60
1352443.00	30.88
1352648.00	32.51
1352786.00	33.72
1352995.00	34.15
1353149.00	33.20
1353345.00	33.11
1353529.00	32.38
1353737.00	30.49
1353898.00	31.00
1354131.00	30.96
1354236.00	32.38
1354479.00	34.35
1354597.00	33.24
1354807.00	34.28
1354940.00	35.13
1355197.00	32.28
1355312.00	30.98
1355620.00	29.80
1355696.00	29.27
1355969.00	32.22
1356058.00	33.15
1356321.00	33.05
1356410.00	33.52
1356709.00	31.92
1356780.00	31.15
1357078.00	31.88
1357129.00	32.80
1357422.00	34.05
1357491.00	33.45
1357764.00	33.50
1357822.00	35.07
1358153.00	32.99
1358189.00	31.19
1358528.00	32.57
1358537.00	32.81
1358879.00	34.70
1358890.00	33.55
1359242.00	32.50
1359263.00	31.98
1359629.00	31.01
1359632.00	31.27
1360002.00	31.80
1360016.00	31.09
1360341.00	32.68
1360374.00	33.83
1360673.00	37.14
1360674.00	37.46
1361041.00	33.70
1361061.00	31.27
1361399.00	31.76
1361448.00	31.72
1361760.00	31.54
1361786.00	33.80
1362098.00	34.91
1362143.00	33.97
1362465.00	32.60
1362530.00	31.27
1362831.00	31.36
1362913.00	31.48
1363193.00	31.61
1363244.00	34.12
1363553.00	34.21
1363565.00	34.71
1363921.00	34.40
1363955.00	31.15
1364277.00	31.65
1364322.00	32.64
1364636.00	32.55
1364649.00	34.52
1364972.00	35.60
1364987.00	35.01
1365340.00	33.53
1365380.00	31.04
1365713.00	30.78
1365757.00	31.42
1366074.00	34.37
1366076.00	34.81
1366368.00	36.33
1366454.00	35.73
1366765.00	30.46
1366822.00	30.89
1367184.00	30.14
1367192.00	29.97
1367492.00	35.00
1367552.00	35.49
1367731.00	41.01
1367911.00	41.10
1368129.00	31.29
1368277.00	30.98
1368510.00	31.56
1368634.00	31.92
1368831.00	34.91
1368994.00	34.82
1369176.00	33.43
1369371.00	32.61
1369572.00	30.46
1369737.00	30.97
1369892.00	34.56
1370103.00	34.56
1370208.00	34.79
1370461.00	35.20
1370515.00	35.69
1370820.00	35.55
1370905.00	31.47
1371186.00	31.24
1371265.00	32.50
1371543.00	32.86
1371588.00	34.79
1371889.00	36.07
1371900.00	36.12
1372235.00	37.15
1372274.00	32.88
1372602.00	31.35
1372642.00	32.10
1372972.00	33.85
1373021.00	31.85
1373297.00	32.24
1373382.00	34.54
1373678.00	31.78
1373716.00	33.06
1374027.00	34.51
1374082.00	32.97
1374360.00	33.84
1374473.00	32.85
1374700.00	32.48
1374831.00	33.83
1375080.00	31.91
1375179.00	32.44
1375422.00	34.20
1375544.00	33.32
1375756.00	33.73
1375884.00	34.96
1376093.00	34.86
1376244.00	33.94
1376472.00	31.91
1376620.00	31.21
1376852.00	31.21
1376985.00	31.68
1377188.00	33.71
1377320.00	35.06
1377506.00	36.05
1377678.00	34.98
1377883.00	32.08
1378019.00	32.90
1378292.00	31.68
1378387.00	30.45
1378630.00	33.48
1378770.00	32.81
1378972.00	32.60
1379131.00	33.59
1379348.00	32.03
1379482.00	32.45
1379708.00	33.19
1379850.00	32.37
1380041.00	33.60
1380199.00	34.51
1380375.00	34.51
1380559.00	34.04
1380753.00	31.99
1380889.00	33.43
1381127.00	33.60
1381257.00	31.76
1381463.00	33.59
1381596.00	34.96
1381816.00	34.06
1381957.00	33.00
1382195.00	31.82
1382330.00	31.34
1382560.00	31.97
1382699.00	32.06
1382892.00	33.72
1383084.00	33.10
1383220.00	33.31
1383447.00	34.29
1383599.00	31.77
1383746.00	35.20
1383981.00	35.12
1384116.00	31.30
1384314.00	33.57
1384476.00	34.05
1384664.00	33.19
1384840.00	33.01
1385047.00	31.56
1385181.00	32.65
1385426.00	32.86
1385551.00	31.55
1385752.00	34.09
1385918.00	34.22
1386069.00	34.68
1386284.00	34.63
1386456.00	31.31
1386648.00	31.44
1386818.00	32.45
1387020.00	32.15
1387142.00	34.06
1387380.00	34.54
1387476.00	34.00
1387744.00	33.82
1387866.00	31.29
1388085.00	32.38
1388240.00	33.07
1388457.00	31.63
1388555.00	34.53
1388835.00	34.28
1388846.00	35.76
1389203.00	36.22
1389240.00	31.04
1389585.00	30.41
1389655.00	29.65
1389956.00	30.15
1389962.00	35.11
1390199.00	40.77
1390333.00	40.52
1390596.00	30.54
1390698.00	31.06
1390974.00	31.81
1391060.00	31.90
1391294.00	34.68
1391431.00	34.29
1391637.00	33.10
1391792.00	33.54
1392032.00	31.23
1392156.00	31.10
1392352.00	34.65
1392541.00	33.81
1392666.00	34.16
1392911.00	34.74
1392972.00	35.17
1393281.00	35.17
1393362.00	31.02
1393644.00	31.33
1393721.00	32.68
1394008.00	32.64
1394043.00	34.48
1394343.00	35.82
1394378.00	35.56
1394729.00	31.22
1394740.00	31.62
1395096.00	32.32
1395100.00	32.32
1395426.00	34.17
1395438.00	35.28
1395749.00	35.66
1395809.00	34.11
1396132.00	31.30
1396232.00	29.38
1396480.00	30.89
1396595.00	33.15
1396812.00	34.02
1396931.00	35.33
1397151.00	34.91
1397299.00	33.43
1397532.00	31.47
1397691.00	30.45
1397873.00	32.30
1398053.00	33.59
1398207.00	33.95
1398401.00	34.56
1398544.00	34.46
1398767.00	33.67
1398922.00	31.68
1399108.00	32.87
1399302.00	32.83
1399466.00	31.96
1399638.00	33.99
1399841.00	33.24
1399955.00	34.29
1400206.00	34.72
1400333.00	31.72
1400541.00	33.17
1400741.00	32.02
1400898.00	30.94
1401079.00	33.93
1401238.00	34.80
1401419.00	34.70
1401605.00	33.42
1401795.00	31.76
1401985.00	31.13
1402154.00	31.91
1402345.00	32.86
1402487.00	34.10
1402692.00	34.62
1402820.00	34.67
1403057.00	33.93
1403197.00	31.81
1403403.00	32.65
1403572.00	32.73
1403760.00	32.25
1403904.00	34.29
1404088.00	35.76
1404256.00	34.75
1404451.00	32.96
1404633.00	31.85
1404786.00	33.16
1404996.00	33.76
1405143.00	32.73
1405326.00	34.40
1405512.00	33.87
1405652.00	34.09
1405878.00	34.22
1406028.00	31.76
1406258.00	31.21
1406406.00	31.17
1406614.00	32.12
1406736.00	34.35
1406909.00	37.89
1407084.00	37.01
1407273.00	33.20
1407463.00	31.81
1407627.00	32.22
1407837.00	32.39
1407984.00	32.25
1408161.00	34.68
1408320.00	35.71
1408474.00	36.35
1408685.00	34.96
1408855.00	31.64
1409046.00	31.82
1409213.00	32.73
1409406.00	32.82
1409532.00	34.93
1409763.00	35.02
1409862.00	34.30
1410129.00	33.89
1410246.00	31.47
1410482.00	32.07
1410615.00	32.65
1410838.00	32.56
1410924.00	35.72
1411171.00	36.76
1411211.00	38.16
1411537.00	36.66
1411598.00	31.36
1411906.00	31.18
1412006.00	30.40
1412266.00	30.85
1412308.00	35.91
1412540.00	41.91
1412641.00	41.25
1412928.00	30.97
1413004.00	31.45
1413300.00	32.06
1413372.00	31.88
1413612.00	34.93
1413730.00	35.29
1413948.00	33.99
1414084.00	34.27
1414335.00	31.91
1414446.00	31.49
1414648.00	35.15
1414801.00	35.52
1414954.00	35.89
1415155.00	35.84
1415253.00	36.29
1415530.00	35.41
1415632.00	31.25
1415893.00	31.81
1415982.00	33.10
1416255.00	33.10
1416296.00	35.03
1416589.00	36.38
1416609.00	36.74
1416962.00	32.43
1416964.00	32.39
1417320.00	33.09
1417325.00	32.82
1417640.00	34.72
1417678.00	35.09
1417955.00	35.39
1418031.00	35.39
1418326.00	32.61
1418360.00	33.88
1418665.00	35.33
1418722.00	33.65
1418986.00	34.57
1419134.00	32.59
1419316.00	32.20
1419488.00	34.54
1419685.00	32.60
1419816.00	33.98
1420018.00	35.76
1420174.00	34.20
1420341.00	34.69
1420556.00	33.66
1420668.00	33.43
1420907.00	34.80
1421036.00	32.83
1421247.00	33.43
1421405.00	33.30
1421602.00	32.51
1421732.00	34.61
1421933.00	35.81
1422041.00	36.92
1422283.00	35.95
1422407.00	32.88
1422648.00	32.19
1422806.00	30.94
1423003.00	31.39
1423134.00	34.50
1423328.00	36.03
1423466.00	35.92
1423674.00	34.82
1423834.00	33.07
1424005.00	33.85
1424184.00	34.63
1424360.00	33.47
1424508.00	34.88
1424729.00	34.20
1424833.00	34.09
1425077.00	35.10
1425202.00	32.94
1425413.00	33.49
1425568.00	33.63
1425766.00	32.83
1425895.00	34.75
1426101.00	35.54
1426241.00	34.61
1426445.00	34.20
1426612.00	33.00
1426763.00	34.40
1426969.00	35.07
1427114.00	33.33
1427294.00	34.96
1427437.00	36.42
1427615.00	36.59
1427783.00	35.42
1427988.00	32.91
1428138.00	32.47
1428362.00	32.39
1428490.00	32.44
1428690.00	34.70
1428857.00	34.06
1429035.00	33.07
1429200.00	34.25
1429411.00	32.89
1429483.00	36.48
1429784.00	36.61
1429833.00	32.62
1430106.00	35.18
1430174.00	35.62
1430420.00	36.03
1430518.00	35.93
1430802.00	32.55
1430840.00	33.67
1431161.00	34.75
1431191.00	33.24
1431481.00	35.13
1431539.00	35.28
1431814.00	34.67
1431884.00	34.87
1432201.00	32.34
1432227.00	32.39
1432574.00	32.97
1432578.00	32.57
1432886.00	35.66
1432917.00	36.26
1433176.00	37.76
1433260.00	37.56
1433568.00	32.24
1433580.00	33.47
1433931.00	31.90
1433983.00	30.99
1434286.00	30.71
1434290.00	35.80
1434527.00	41.40
1434633.00	41.88
1434922.00	31.94
1434994.00	31.23
1435301.00	31.86
1435344.00	32.37
1435621.00	35.30
1435699.00	35.11
1435964.00	33.81
1436042.00	34.30
1436362.00	31.96
1436384.00	32.06
1436681.00	35.69
1436734.00	35.30
1436997.00	35.47
1437075.00	35.91
1437304.00	36.52
1437419.00	36.42
1437695.00	32.20
1437779.00	31.39
1438055.00	32.77
1438130.00	33.24
1438378.00	35.07
1438479.00	35.11
1438681.00	36.38
1438821.00	36.78
1439067.00	32.53
1439164.00	32.38
1439437.00	33.09
1439514.00	32.79
1439768.00	34.57
1439855.00	35.02
1440093.00	35.40
1440196.00	35.40
1440477.00	32.65
1440516.00	33.85
1440828.00	35.30
1440865.00	33.71
1441161.00	34.57
1441266.00	32.42
1441502.00	32.00
1441608.00	34.50
1441885.00	32.60
1441927.00	33.85
1442230.00	35.54
1442275.00	34.00
1442566.00	34.46
1442648.00	33.37
1442904.00	33.26
1442988.00	34.70
1443286.00	32.73
1443319.00	33.26
1443666.00	32.44
1443670.00	32.32
1443988.00	33.69
1444008.00	35.78
1444327.00	36.87
1444329.00	35.80
1444686.00	35.02
1444707.00	32.00
1445033.00	32.53
1445120.00	31.32
1445350.00	32.82
1445460.00	35.80
1445690.00	34.60
1445803.00	34.50
1446013.00	35.41
1446183.00	33.78
1446361.00	32.52
1446544.00	33.29
1446723.00	32.59
1446880.00	33.80
1447065.00	34.81
1447216.00	34.86
1447394.00	35.43
1447596.00	33.31
1447742.00	32.39
1447973.00	32.55
1448072.00	33.47
1448308.00	35.43
1448411.00	34.96
1448664.00	33.92
1448723.00	35.43
1449045.00	34.38
1449071.00	32.48
1449389.00	33.97
1449412.00	34.52
1449730.00	33.32
1449744.00	35.07
1450074.00	35.18
1450081.00	34.69
1450429.00	34.83
1450454.00	32.39
1450790.00	31.78
1450836.00	31.78
1451131.00	32.73
1451169.00	34.96
1451412.00	38.65
1451520.00	37.74
1451758.00	33.81
1451903.00	32.44
1452096.00	32.85
1452280.00	33.09
1452436.00	32.99
1452607.00	35.39
1452755.00	36.59
1452923.00	37.11
1453102.00	35.56
1453310.00	32.24
1453447.00	32.38
1453672.00	33.40
1453788.00	33.55
1453993.00	35.62
1454127.00	35.68
1454328.00	34.96
1454476.00	34.56
1454717.00	32.07
1454811.00	32.73
1455089.00	33.42
1455151.00	33.21
1455403.00	36.20
1455468.00	37.46
1455693.00	39.02
1455815.00	37.36
1456083.00	32.08
1456168.00	31.84
1456497.00	30.96
1456511.00	31.40
1456802.00	36.42
1456868.00	35.75
1457037.00	41.67
1457215.00	42.15
1457430.00	31.93
1457566.00	31.73
1457806.00	32.45
1457908.00	32.89
1458121.00	35.92
1458247.00	36.08
1458462.00	34.65
1458594.00	34.25
1458854.00	32.04
1458934.00	32.39
1459170.00	36.02
1459275.00	35.97
1459481.00	36.21
1459633.00	35.39
1459783.00	36.02
1459981.00	36.55
1460166.00	32.32
1460329.00	32.27
1460520.00	33.57
1460669.00	33.96
1460837.00	35.97
1461012.00	35.86
1461133.00	37.06
1461359.00	36.76
1461511.00	32.55
1461699.00	33.00
1461870.00	33.78
1462039.00	33.78
1462194.00	35.56
1462356.00	36.76
1462511.00	37.16
1462705.00	35.46
1462885.00	32.63
1463104.00	30.55
1463226.00	32.07
1463447.00	34.45
1463549.00	35.41
1463765.00	36.76
1463881.00	36.32
1464112.00	34.77
1464251.00	32.90
1464483.00	31.84
1464585.00	33.61
1464824.00	34.96
1464909.00	35.45
1465154.00	36.03
1465235.00	35.97
1465501.00	35.15
1465602.00	33.07
1465822.00	34.34
1465971.00	34.26
1466163.00	33.29
1466297.00	35.39
1466518.00	34.66
1466604.00	35.84
1466866.00	36.23
1466969.00	33.11
1467182.00	34.78
1467364.00	33.52
1467521.00	32.25
1467690.00	35.45
1467845.00	36.31
1468018.00	36.20
1468192.00	34.89
1468382.00	33.15
1468555.00	32.45
1468727.00	33.30
1468896.00	34.40
1469049.00	35.68
1469226.00	36.20
1469370.00	36.14
1469575.00	35.22
1469733.00	33.15
1469903.00	34.19
1470093.00	34.32
1470243.00	33.69
1470413.00	35.79
1470555.00	37.41
1470751.00	36.37
1470901.00	34.40
1471113.00	33.25
1471219.00	34.85
1471463.00	35.41
1471559.00	34.10
1471779.00	35.91
1471910.00	35.42
1472092.00	35.60
1472258.00	35.79
1472453.00	33.29
1472619.00	32.63
1472814.00	32.63
1472957.00	33.74
1473131.00	36.01
1473238.00	39.62
1473465.00	38.67
1473582.00	34.71
1473826.00	33.44
1473917.00	33.95
1474184.00	33.99
1474256.00	33.78
1474494.00	36.38
1474575.00	37.53
1474794.00	38.22
1474920.00	36.77
1475157.00	33.26
1475263.00	33.36
1475500.00	34.35
1475602.00	34.55
1475806.00	36.69
1475940.00	36.74
1476119.00	36.25
1476286.00	35.84
1476486.00	33.07
1476620.00	33.74
1476839.00	34.38
1476957.00	34.22
1477134.00	37.57
1477273.00	38.74
1477407.00	40.28
1477617.00	38.65
1477776.00	33.08
1477967.00	32.84
1478167.00	31.90
1478308.00	32.34
1478453.00	37.87
1478662.00	37.24
1478676.00	43.05
1479007.00	43.54
1479044.00	33.13
1479357.00	32.84
1479398.00	33.47
1479695.00	34.07
1479697.00	37.13
1480017.00	35.84
1480031.00	35.94
1480375.00	35.53
1480386.00	33.09
1480685.00	36.89
1480711.00	37.30
1480978.00	37.57
1481049.00	37.46
1481263.00	38.17
1481404.00	37.33
1481626.00	32.82
1481749.00	33.35
1481960.00	34.76
1482093.00	34.76
1482260.00	36.76
1482430.00	37.11
1482539.00	38.67
1482768.00	38.62
1482898.00	33.79
1483112.00	33.49
1483239.00	34.45
1483449.00	34.80
1483545.00	36.73
1483785.00	36.78
1483846.00	37.10
1484100.00	38.27
1484202.00	35.25
1484446.00	33.62
1484525.00	35.31
1484834.00	36.20
1484841.00	34.00
1485149.00	33.57
1485181.00	36.02
1485495.00	37.52
1485501.00	35.51
1485819.00	37.34
1485839.00	35.65
1486129.00	36.13
1486207.00	35.01
1486441.00	34.89
1486545.00	36.31
1486791.00	34.26
1486872.00	34.84
1487146.00	34.61
1487216.00	33.77
1487458.00	36.05
1487535.00	37.29
1487751.00	38.51
1487873.00	37.53
1488101.00	34.26
1488227.00	33.47
1488482.00	32.14
1488572.00	32.62
1488795.00	35.94
1488887.00	37.46
1489111.00	37.22
1489224.00	36.06
1489461.00	34.31
1489545.00	35.24
1489795.00	36.10
1489891.00	34.71
1490105.00	36.03
1490251.00	35.36
1490415.00	35.36
1490591.00	36.33
1490767.00	34.06
1490921.00	34.58
1491116.00	34.78
1491268.00	33.90
1491427.00	35.92
1491597.00	36.84
1491756.00	35.86
1491936.00	35.33
1492107.00	34.16
1492246.00	35.78
1492447.00	36.28
1492593.00	34.30
1492756.00	36.15
1492911.00	37.65
1493060.00	37.96
1493251.00	36.77
1493412.00	34.01
1493602.00	33.47
1493769.00	33.28
1493950.00	33.43
1494077.00	36.05
1494312.00	35.44
1494405.00	34.28
1494651.00	35.39
1494761.00	34.02
1494932.00	37.48
1495113.00	37.67
1495279.00	33.81
1495418.00	36.34
1495617.00	36.74
1495715.00	37.33
1495957.00	37.17
1496074.00	33.64
1496276.00	34.83
1496413.00	35.84
1496624.00	34.30
1496715.00	36.50
1496970.00	36.64
1497027.00	35.95
1497311.00	36.10
1497393.00	33.36
1497653.00	33.36
1497743.00	34.05
1498000.00	33.81
1498037.00	37.01
1498310.00	38.63
1498338.00	39.08
1498677.00	33.48
1498680.00	33.27
1498998.00	34.63
1499070.00	33.57
1499346.00	31.92
1499357.00	37.45
1499579.00	43.46
1499700.00	43.22
1499952.00	32.52
1500044.00	32.96
1500307.00	33.72
1500402.00	33.09
1500607.00	36.13
1500750.00	36.56
1500931.00	35.16
1501102.00	34.97
1501303.00	32.53
1501444.00	33.07
1501603.00	36.91
1501783.00	37.06
1501898.00	37.40
1502129.00	36.99
1502186.00	37.48
1502467.00	37.88
1502553.00	33.48
1502808.00	33.32
1502890.00	34.75
1503167.00	33.89
1503195.00	35.72
1503477.00	37.37
1503514.00	37.99
1503839.00	33.30
1503860.00	33.25
1504184.00	34.05
1504199.00	34.45
1504494.00	36.38
1504539.00	36.38
1504799.00	36.69
1504884.00	36.39
1505158.00	33.53
1505221.00	33.93
1505486.00	35.38
1505558.00	35.44
1505798.00	36.41
1505872.00	37.58
1506117.00	37.17
1506218.00	35.49
1506475.00	33.48
1506612.00	31.40
1506798.00	33.24
1506951.00	35.72
1507112.00	36.19
1507264.00	37.58
1507428.00	37.40
1507608.00	35.66
1507784.00	33.62
1507973.00	32.68
1508143.00	32.55
1508309.00	33.94
1508460.00	36.11
1508635.00	36.65
1508758.00	37.84
1508976.00	37.04
1509113.00	33.87
1509292.00	35.29
1509499.00	33.96
1509628.00	32.79
1509818.00	36.05
1509976.00	35.45
1510139.00	35.28
1510317.00	35.62
1510494.00	33.91
1510628.00	35.58
1510832.00	36.37
1510961.00	35.17
1511148.00	36.44
1511276.00	37.34
1511462.00	37.46
1511617.00	36.09
1511818.00	33.82
1511971.00	33.19
1512171.00	33.33
1512304.00	34.43
1512486.00	36.44
1512626.00	36.99
1512819.00	36.04
1512965.00	35.17
1513175.00	33.93
1513285.00	34.91
1513519.00	35.58
1513616.00	34.97
1513831.00	36.74
1513919.00	38.45
1514138.00	38.69
1514256.00	36.72
1514495.00	34.08
1514566.00	35.55
1514853.00	35.46
1514898.00	34.25
1515164.00	36.74
1515239.00	36.16
1515495.00	35.02
1515577.00	35.28
1515853.00	33.98
1515929.00	33.19
1516207.00	33.28
1516258.00	34.50
1516514.00	37.15
1516530.00	40.99
1516811.00	41.57
1516867.00	37.31
1517172.00	33.80
1517194.00	34.33
1517513.00	35.29
1517524.00	35.07
1517815.00	37.30
1517834.00	38.51
1518127.00	37.88
1518172.00	36.36
1518493.00	33.57
1518505.00	33.73
1518838.00	33.84
1518844.00	34.52
1519137.00	37.92
1519168.00	37.97
1519409.00	39.45
1519505.00	39.14
1519778.00	33.49
1519832.00	34.02
1520163.00	33.80
1520167.00	32.94
1520453.00	38.39
1520470.00	39.78
1520675.00	45.72
1520808.00	44.01
1521044.00	33.49
1521149.00	33.23
1521397.00	33.96
1521483.00	34.42
1521696.00	37.39
1521830.00	36.68
1522016.00	35.33
1522166.00	35.88
1522385.00	33.54
1522509.00	33.23
1522683.00	36.99
1522839.00	37.67
1522976.00	38.01
1523167.00	38.01
1523262.00	38.57
1523504.00	38.15
1523626.00	33.71
1523832.00	34.19
1523960.00	35.54
1524162.00	35.43
1524260.00	37.48
1524509.00	36.61
1524539.00	38.16
1524845.00	38.72
1524897.00	33.99
1525182.00	33.99
1525239.00	34.75
1525510.00	35.13
1525546.00	37.15
1525840.00	37.10
1525846.00	37.42
1526175.00	37.15
1526201.00	34.18
1526503.00	34.55
1526525.00	36.14
1526831.00	36.14
1526834.00	37.08
1527137.00	38.44
1527149.00	38.01
1527472.00	36.23
1527502.00	34.17
1527820.00	36.05
1527856.00	33.86
1528131.00	34.28
1528185.00	36.84
1528443.00	36.78
1528491.00	38.19
1528795.00	36.05
1528825.00	34.32
1529151.00	34.13
1529181.00	33.14
1529463.00	35.47
1529508.00	36.84
1529758.00	37.99
1529826.00	38.56
1530110.00	35.26
1530159.00	34.48
1530468.00	35.74
1530492.00	34.38
1530794.00	33.45
1530807.00	36.83
1531125.00	36.65
1531135.00	35.91
1531467.00	36.32
1531478.00	34.38
1531771.00	36.02
1531813.00	37.01
1532097.00	35.71
1532126.00	36.89
1532405.00	37.94
1532438.00	38.00
1532740.00	36.52
1532792.00	34.32
1533085.00	33.76
1533144.00	33.81
1533411.00	34.80
1533457.00	36.83
1533727.00	37.40
1533789.00	36.38
1534059.00	35.54
1534145.00	34.39
1534373.00	35.29
1534489.00	35.77
1534697.00	35.31
1534800.00	37.18
1534993.00	38.77
1535109.00	38.96
1535323.00	37.03
1535466.00	34.40
1535627.00	35.88
1535827.00	35.74
1535951.00	34.54
1536140.00	37.00
1536286.00	36.46
1536471.00	35.38
1536618.00	35.48
1536831.00	34.10
1536963.00	33.49
1537190.00	33.58
1537286.00	34.69
1537498.00	37.36
1537553.00	41.27
1537799.00	41.71
1537882.00	37.42
1538164.00	33.99
1538204.00	34.49
1538509.00	35.47
1538528.00	35.30
1538815.00	37.37
1538832.00	38.56
1539133.00	37.96
1539163.00	36.38
1539492.00	36.49
1539504.00	33.78
1539818.00	33.95
1539860.00	34.66
1540143.00	34.72
1540160.00	37.76
1540437.00	39.39
1540474.00	39.12
1540796.00	39.50
1540811.00	33.99
1541122.00	33.82
1541209.00	32.83
1541425.00	34.27
1541502.00	39.68
1541729.00	45.45
1541757.00	43.69
1542094.00	43.43
1542106.00	33.06
1542424.00	33.43
1542468.00	34.12
1542767.00	33.50
1542774.00	36.47
1543100.00	36.94
1543103.00	35.65
1543437.00	35.44
1543482.00	33.06
1543763.00	33.65
1543787.00	37.32
1544090.00	37.57
1544383.00	38.10
1544422.00	37.78
1544748.00	38.10
1544757.00	33.82
1545074.00	33.82
1545102.00	35.14
1545411.00	37.13
1545418.00	36.24
1545700.00	37.56
1545750.00	38.12
1546071.00	33.66
1546085.00	33.56
1546411.00	33.99
1546424.00	34.80
1546738.00	34.80
1546741.00	36.59
1547053.00	36.95
1547071.00	36.52
1547397.00	36.95
1547420.00	34.12
1547722.00	34.17
1547756.00	35.66
1548028.00	36.84
1548077.00	37.72
1548363.00	35.99
1548404.00	35.65
1548745.00	33.53
1548770.00	31.55
1549072.00	34.05
1549100.00	35.75
1549377.00	37.11
1549422.00	37.66
1549710.00	36.09
1549747.00	35.87
1550065.00	34.67
1550111.00	32.73
1550391.00	34.25
1550479.00	34.03
1550707.00	34.60
1550803.00	36.82
1551040.00	35.92
1551109.00	36.99
1551348.00	38.31
1551474.00	35.20
1551675.00	34.15
1551869.00	32.93
1552014.00	32.29
1552196.00	35.39
1552347.00	35.70
1552526.00	35.54
1552653.00	37.16
1552891.00	35.45
1552977.00	34.32
1553237.00	35.25
1553286.00	36.14
1553561.00	37.24
1553621.00	35.82
1553883.00	35.93
1553968.00	35.27
1554249.00	33.11
1554296.00	34.15
1554611.00	34.33
1554613.00	34.96
1554934.00	36.88
1554945.00	35.93
1555261.00	36.88
1555276.00	35.91
1555587.00	35.34
1555642.00	34.12
1555886.00	35.75
1555994.00	36.43
1556218.00	34.53
1556315.00	36.20
1556523.00	37.66
1556631.00	37.95
1556851.00	36.66
1556997.00	34.01
1557187.00	33.58
1557363.00	33.63
1557522.00	33.73
1557685.00	35.99
1557870.00	35.28
1558023.00	34.35
1558194.00	35.61
1558389.00	34.23
1558463.00	38.03
1558753.00	38.16
1558795.00	33.87
1559069.00	36.33
1559119.00	36.82
1559373.00	37.56
1559443.00	37.56
1559744.00	34.06
1559751.00	35.06
1560082.00	33.67
1560093.00	34.67
1560403.00	36.80
1560413.00	36.80
1560724.00	36.15
1560741.00	36.31
1561067.00	36.42
1561099.00	33.78
1561399.00	33.50
1561458.00	34.25
1561722.00	34.69
1561759.00	37.87
1562039.00	39.35
1562048.00	39.24
1562351.00	40.62
1562414.00	35.17
1562683.00	33.36
1562814.00	32.45
1563022.00	32.14
1563107.00	37.41
1563334.00	43.33
1563350.00	43.91
1563692.00	43.22
1563711.00	32.90
1564024.00	33.31
1564073.00	33.96
1564361.00	33.75
1564379.00	36.79
1564688.00	37.33
1564706.00	36.08
1565013.00	36.19
1565083.00	33.79
1565346.00	33.41
1565388.00	37.06
1565671.00	37.44
1565687.00	37.89
1565977.00	38.37
1565997.00	38.37
1566340.00	37.42
1566349.00	33.05
1566673.00	33.57
1566689.00	35.07
1566994.00	36.94
1567006.00	36.94
1567280.00	38.36
1567332.00	38.74
1567644.00	34.25
1567661.00	34.09
1567990.00	34.88
1567994.00	34.72
1568302.00	36.62
1568320.00	36.95
1568608.00	37.38
1568645.00	37.44
1568950.00	38.56
1568968.00	35.61
1569286.00	33.95
1569296.00	35.60
1569609.00	36.40
1569669.00	34.16
1569927.00	33.86
1569996.00	36.59
1570285.00	34.57
1570302.00	35.81
1570606.00	37.66
1570635.00	35.99
1570920.00	36.40
1570991.00	35.31
1571234.00	35.31
1571318.00	36.77
1571589.00	34.65
1571636.00	35.16
1571946.00	35.02
1571969.00	34.24
1572259.00	36.56
1572278.00	37.88
1572556.00	38.96
1572605.00	37.97
1572909.00	34.80
1572947.00	33.96
1573280.00	34.42
1573290.00	33.11
1573587.00	34.67
1573606.00	37.89
1573912.00	36.77
1573924.00	36.71
1574222.00	37.52
1574276.00	35.67
1574557.00	34.32
1574610.00	35.22
1574904.00	34.61
1574922.00	35.86
1575233.00	36.91
1575551.00	37.58
1575583.00	35.36
1575884.00	34.42
1575933.00	34.47
1576201.00	35.47
1576243.00	37.64
1576527.00	37.13
1576570.00	36.14
1576827.00	37.71
1576922.00	36.43
1577160.00	34.42
1577261.00	35.07
1577468.00	36.56
1577568.00	38.44
1577795.00	37.26
1577870.00	37.52
1578133.00	36.98
1578222.00	34.21
1578469.00	34.32
1578573.00	34.37
1578817.00	33.71
1578879.00	36.11
1579143.00	37.26
1579204.00	36.19
1579414.00	39.94
1579554.00	38.65
1579749.00	34.41
1579902.00	34.56
1580073.00	35.16
1580203.00	37.75
1580400.00	37.64
1580495.00	38.17
1580708.00	39.23
1580847.00	35.86
1581043.00	34.37
1581181.00	35.33
1581374.00	35.43
1581478.00	37.58
1581705.00	37.68
1581782.00	37.23
1582032.00	37.45
1582140.00	34.52
1582366.00	34.09
1582483.00	34.86
1582690.00	35.40
1582769.00	38.78
1583018.00	38.55
1583034.00	40.27
1583324.00	41.63
1583392.00	35.72
1583657.00	34.04
1583773.00	33.14
1583997.00	32.83
1584051.00	38.59
1584266.00	44.72
1584327.00	45.30
1584627.00	34.22
1584669.00	33.49
1584969.00	34.40
1585003.00	34.91
1585260.00	37.93
1585341.00	37.72
1585571.00	36.42
1585668.00	37.01
1585931.00	34.48
1585993.00	34.59
1586219.00	38.70
1586325.00	38.27
1586504.00	38.41
1586649.00	38.85
1586782.00	39.45
1586976.00	39.28
1587133.00	34.84
1587320.00	33.95
1587456.00	35.36
1587652.00	36.03
1587748.00	38.04
1587985.00	37.93
1588018.00	39.51
1588309.00	40.00
1588364.00	35.25
1588636.00	35.09
1588694.00	35.81
1588967.00	35.59
1588991.00	37.63
1589280.00	38.18
1589292.00	38.51
1589615.00	38.68
1589623.00	35.47
1589919.00	36.61
1589938.00	38.20
1590235.00	39.27
1590253.00	37.47
1590538.00	37.08
1590633.00	34.98
1590879.00	32.87
1590959.00	35.39
1591186.00	37.26
1591261.00	38.63
1591485.00	39.21
1591594.00	37.51
1591785.00	37.38
1591947.00	36.37
1592124.00	34.11
1592273.00	35.50
1592465.00	35.35
1592588.00	35.98
1592765.00	38.46
1592918.00	37.50
1593048.00	38.61
1593226.00	40.00
1593385.00	36.67
1593551.00	35.66
1593750.00	34.32
1593889.00	33.62
1594052.00	37.05
1594221.00	37.31
1594357.00	37.12
1594524.00	38.82
1594693.00	36.97
1594847.00	35.77
1595013.00	36.64
1595156.00	37.53
1595312.00	38.83
1595488.00	37.44
1595610.00	37.51
1595835.00	36.79
1595948.00	34.50
1596161.00	35.55
1596283.00	35.65
1596476.00	36.22
1596582.00	38.34
1596808.00	37.44
1596897.00	36.50
1597123.00	37.52
1597235.00	36.24
1597448.00	35.66
1597563.00	36.19
1597746.00	37.78
1597858.00	39.67
1598077.00	37.75
1598150.00	38.09
1598383.00	39.49
1598489.00	36.68
1598708.00	35.55
1598830.00	35.45
1599044.00	34.91
1599126.00	37.48
1599377.00	37.54
1599440.00	36.46
1599723.00	35.84
1599781.00	34.35
1600047.00	35.51
1600119.00	35.61
1600316.00	39.33
1600410.00	42.07
1600648.00	37.92
1600695.00	38.48
1600971.00	39.03
1601038.00	35.42
1601296.00	35.25
1601364.00	36.19
1601601.00	37.38
1601653.00	39.70
1601934.00	38.12
1601952.00	37.44
1602263.00	37.60
1602301.00	34.78
1602590.00	34.89
1602637.00	35.60
1602915.00	35.76
1602920.00	38.92
1603180.00	40.84
1603247.00	40.34
1603532.00	34.42
1603570.00	34.97
1603896.00	34.80
1603908.00	33.74
1604183.00	39.49
1604199.00	40.86
1604395.00	47.23
1604532.00	45.53
1604751.00	34.29
1604869.00	34.03
1605095.00	34.65
1605198.00	35.02
1605380.00	38.52
1605540.00	37.89
1605690.00	36.23
1605872.00	36.80
1606048.00	34.30
1606208.00	34.03
1606336.00	37.98
1606534.00	38.58
1606619.00	38.87
1606857.00	38.98
1606896.00	39.58
1607188.00	39.19
1607248.00	34.63
1607512.00	35.02
1607572.00	36.42
1607837.00	36.31
1607864.00	38.37
1608135.00	39.78
1608180.00	38.83
1608483.00	34.10
1608511.00	34.72
1608815.00	35.59
1608842.00	35.65
1609114.00	37.55
1609165.00	37.94
1609408.00	38.34
1609490.00	38.23
1609753.00	35.15
1609821.00	34.87
1610069.00	36.55
1610144.00	36.94
1610371.00	37.81
1610466.00	37.86
1610678.00	37.42
1610766.00	38.76
1611023.00	36.76
1611098.00	34.92
1611334.00	36.74
1611475.00	34.57
1611638.00	35.07
1611798.00	37.68
1611942.00	37.55
1612099.00	38.95
1612286.00	36.76
1612428.00	35.08
1612633.00	34.93
1612778.00	33.81
1612938.00	36.14
1613100.00	37.55
1613226.00	38.69
1613413.00	39.27
1613569.00	36.04
1613740.00	35.24
1613942.00	33.81
1614045.00	35.17
1614248.00	38.63
1614366.00	37.54
1614560.00	37.23
1614701.00	36.52
1614902.00	34.76
1615027.00	35.24
1615228.00	36.14
1615328.00	37.64
1615533.00	38.95
1615648.00	37.84
1615837.00	37.91
1615951.00	38.82
1616181.00	36.45
1616279.00	35.03
1616523.00	35.23
1616619.00	34.60
1616828.00	36.70
1616940.00	37.78
1617149.00	36.70
1617250.00	37.29
1617493.00	36.13
1617577.00	35.19
1617827.00	35.76
1617886.00	36.75
1618129.00	38.63
1618203.00	38.21
1618425.00	38.54
1618496.00	40.00
1618771.00	37.13
1618821.00	35.15
1619119.00	35.10
1619121.00	36.68
1619420.00	39.34
1619439.00	38.10
1619739.00	36.93
1619770.00	36.32
1620087.00	34.83
1620096.00	35.04
1620431.00	35.14
1620436.00	34.40
1620727.00	37.23
1620754.00	38.42
1621017.00	42.87
1621342.00	38.51
1621365.00	35.00
1621661.00	35.40
1621697.00	36.32
1621979.00	36.26
1621990.00	38.50
1622278.00	39.74
1622293.00	39.14
1622604.00	37.51
1622648.00	34.71
1622928.00	34.82
1622989.00	35.45
1623250.00	35.62
1623274.00	39.02
1623538.00	40.66
1623569.00	40.78
1623893.00	35.06
1623897.00	34.55
1624213.00	35.23
1624273.00	34.14
1624533.00	33.91
1624551.00	39.67
1624766.00	45.93
1624831.00	47.29
1625124.00	36.17
1625158.00	34.42
1625469.00	35.14
1625491.00	34.87
1625758.00	38.12
1625814.00	38.62
1626069.00	37.18
1626151.00	36.42
1626428.00	33.89
1626478.00	34.42
1626719.00	38.33
1626810.00	38.11
1627003.00	38.54
1627130.00	39.09
1627280.00	39.62
1627449.00	39.79
1627633.00	35.26
1627776.00	34.69
1627958.00	36.08
1628095.00	36.59
1628250.00	38.71
1628415.00	38.65
1628522.00	40.06
1628753.00	39.14
1628870.00	34.41
1629079.00	34.94
1629201.00	35.86
1629407.00	35.81
1629500.00	37.73
1629727.00	38.23
1629793.00	38.64
1630048.00	38.52
1630137.00	35.42
1630374.00	35.14
1630453.00	36.77
1630694.00	37.17
1630754.00	38.10
1631013.00	38.04
1631059.00	37.72
1631311.00	39.08
1631403.00	36.89
1631639.00	35.08
1631712.00	37.02
1632015.00	35.21
1632318.00	35.15
1632335.00	37.85
1632634.00	39.21
1632660.00	36.99
1632961.00	35.24
1633007.00	35.04
1633309.00	33.95
1633311.00	36.37
1633596.00	37.60
1633628.00	39.13
1633939.00	36.23
1634264.00	35.35
1634310.00	33.96
1634567.00	35.28
1634616.00	38.75
1634886.00	37.78
1634925.00	37.53
1635221.00	36.70
1635268.00	34.86
1635546.00	35.40
1635593.00	36.36
1635844.00	37.95
1635898.00	39.14
1636163.00	37.84
1636200.00	37.91
1636467.00	38.82
1636545.00	36.50
1636794.00	35.14
1636887.00	35.29
1637134.00	34.60
1637191.00	36.64
1637453.00	37.78
1637514.00	36.76
1637765.00	37.23
1637859.00	35.96
1638091.00	35.09
1638193.00	35.71
1638400.00	36.64
1638496.00	38.44
1638718.00	37.96
1638795.00	38.22
1639010.00	39.87
1639143.00	37.15
1639335.00	35.10
1639492.00	35.00
1639634.00	36.58
1639796.00	39.14
1639955.00	37.85
1640117.00	36.76
1640284.00	36.31
1640466.00	34.84
1640611.00	34.84
1640814.00	34.89
1640951.00	34.25
1641113.00	37.03
1641270.00	38.22
1641405.00	38.70
1641532.00	42.66
1641759.00	39.17
1641859.00	34.76
1642093.00	35.71
1642176.00	36.28
1642390.00	38.54
1642495.00	38.31
1642697.00	37.53
1642795.00	38.76
1643056.00	36.04
1643120.00	34.53
1643401.00	35.25
1643445.00	35.25
1643690.00	38.58
1643767.00	38.80
1643957.00	40.41
1644087.00	40.41
1644320.00	34.62
1644414.00	34.29
1644705.00	33.31
1644731.00	33.94
1644986.00	39.60
1645052.00	39.31
1645205.00	45.25
1645350.00	46.66
1645571.00	35.91
1645678.00	34.10
1645919.00	34.89
1646011.00	34.67
1646213.00	37.78
1646336.00	38.16
1646530.00	36.71
1646675.00	35.96
1646896.00	33.47
1647002.00	34.05
1647191.00	37.93
1647335.00	37.66
1647481.00	38.00
1647656.00	38.66
1647765.00	39.16
1647977.00	39.22
1648124.00	34.77
1648305.00	34.27
1648455.00	35.75
1648625.00	36.26
1648753.00	38.17
1648948.00	38.00
1649031.00	39.50
1649286.00	38.69
1649385.00	34.02
1649615.00	34.50
1649725.00	35.23
1649944.00	35.28
1650030.00	37.27
1650264.00	37.72
1650329.00	38.11
1650587.00	37.99
1650682.00	34.98
1650914.00	34.65
1651004.00	36.25
1651235.00	36.70
1651311.00	37.66
1651556.00	37.60
1651624.00	37.23
1651855.00	38.58
1651976.00	36.48
1652184.00	34.69
1652293.00	36.54
1652561.00	34.27
1652601.00	34.69
1652883.00	37.36
1652912.00	37.23
1653183.00	38.64
1653262.00	36.53
1653509.00	34.90
1653615.00	34.76
1653858.00	33.57
1653925.00	35.88
1654180.00	37.29
1654219.00	38.40
1654490.00	39.11
1654568.00	35.88
1654816.00	34.95
1654947.00	33.65
1655119.00	35.02
1655260.00	38.32
1655439.00	37.29
1655575.00	37.17
1655774.00	36.40
1655923.00	34.56
1656101.00	35.00
1656255.00	35.81
1656401.00	37.44
1656565.00	38.76
1656720.00	37.53
1656873.00	37.59
1657024.00	38.50
1657223.00	36.21
1657353.00	34.79
1657570.00	34.93
1657694.00	34.30
1657879.00	36.45
1658015.00	37.42
1658205.00	36.36
1658327.00	36.95
1658556.00	35.71
1658655.00	34.79
1658894.00	35.39
1658964.00	36.49
1659200.00	38.38
1659286.00	37.66
1659502.00	37.79
1659578.00	39.54
1659852.00	36.93
1659905.00	34.84
1660204.00	34.75
1660207.00	36.24
1660510.00	38.75
1660527.00	37.66
1660835.00	36.53
1660858.00	35.92
1661186.00	34.58
1661188.00	34.69
1661530.00	34.06
1661534.00	34.20
1661835.00	36.84
1661848.00	38.04
1662113.00	41.80
1662127.00	42.47
1662440.00	38.26
1662482.00	34.65
1662758.00	35.22
1662818.00	36.11
1663077.00	35.94
1663114.00	38.31
1663379.00	39.41
1663422.00	38.69
1663706.00	37.20
1663781.00	34.42
1664030.00	34.59
1664125.00	35.30
1664352.00	35.42
1664414.00	38.68
1664673.00	38.79
1664681.00	40.47
1665000.00	40.13
1665042.00	34.39
1665316.00	34.90
1665425.00	34.00
1665638.00	33.77
1665706.00	39.31
1665924.00	45.50
1665936.00	46.98
1666262.00	45.21
1666287.00	34.34
1666595.00	33.96
1666634.00	34.66
1666918.00	35.27
1666928.00	38.40
1667242.00	37.11
1667255.00	36.30
1667582.00	36.83
1667605.00	34.29
1667897.00	38.19
1667913.00	37.92
1668185.00	38.20
1668234.00	38.80
1668466.00	39.31
1668555.00	39.31
1668822.00	34.94
1668883.00	34.61
1669150.00	35.92
1669203.00	36.31
1669445.00	38.38
1669525.00	38.32
1669719.00	39.85
1669863.00	38.93
1670070.00	34.21
1670190.00	34.74
1670406.00	35.49
1670518.00	35.49
1670706.00	37.59
1670841.00	37.93
1671001.00	38.33
1671163.00	38.27
1671349.00	35.16
1671491.00	34.94
1671667.00	36.60
1671813.00	36.88
1671969.00	37.80
1672134.00	37.86
1672277.00	37.41
1672435.00	38.63
1672623.00	36.59
1672765.00	34.87
1672935.00	36.79
1673143.00	34.52
1673238.00	34.96
1673466.00	37.61
1673543.00	37.55
1673767.00	38.88
1673887.00	36.74
1674096.00	35.08
1674233.00	34.88
1674447.00	33.76
1674537.00	36.22
1674769.00	37.73
1674825.00	38.82
1675082.00	39.34
1675166.00	36.14
1675410.00	35.28
1675537.00	33.79
1675715.00	35.21
1675842.00	38.75
1676037.00	37.67
1676149.00	37.42
1676372.00	36.71
1676490.00	34.86
1676700.00	35.23
1676815.00	36.08
1677001.00	37.69
1677118.00	39.07
1677323.00	37.86
1677419.00	37.99
1677626.00	39.01
1677761.00	36.65
1677956.00	35.12
1678100.00	35.23
1678300.00	34.55
1678401.00	36.74
1678622.00	37.81
1678719.00	36.70
1678934.00	37.35
1679060.00	36.15
1679263.00	35.23
1679390.00	35.86
1679575.00	36.78
1679687.00	38.65
1679894.00	38.23
1679980.00	38.57
1680190.00	40.07
1680321.00	37.24
1680518.00	35.29
1680664.00	35.19
1680820.00	36.68
1680962.00	39.27
1681141.00	38.06
1681277.00	36.99
1681473.00	36.44
1681618.00	35.02
1681803.00	35.12
1681956.00	35.28
1682145.00	34.65
1682248.00	37.47
1682465.00	38.65
1682532.00	39.08
1682730.00	42.90
1682875.00	39.45
1683058.00	35.18
1683200.00	36.08
1683376.00	36.71
1683489.00	39.04
1683697.00	38.80
1683786.00	38.12
1683999.00	39.27
1684133.00	36.48
1684327.00	34.99
1684468.00	35.65
1684652.00	35.82
1684747.00	39.22
1684973.00	39.39
1685006.00	41.18
1685294.00	41.24
1685355.00	35.29
1685622.00	34.89
1685726.00	33.89
1685939.00	34.40
1685998.00	40.18
1686209.00	46.57
1686260.00	46.46
1686558.00	47.82
1686560.00	36.60
1686885.00	34.90
1686897.00	35.55
1687180.00	38.88
1687217.00	38.56
1687484.00	37.12
1687540.00	37.61
1687835.00	35.02
1687875.00	34.42
1688119.00	38.38
1688202.00	38.81
1688397.00	39.26
1688531.00	39.09
1688669.00	39.56
1688852.00	40.06
1689015.00	35.48
1689170.00	35.60
1689332.00	37.16
1689496.00	36.71
1689618.00	38.67
1689815.00	39.06
1689883.00	40.61
1690134.00	40.61
1690224.00	35.74
1690471.00	34.81
1690548.00	35.71
1690796.00	36.31
1690840.00	38.30
1691121.00	38.35
1691126.00	38.78
1691438.00	39.18
1691464.00	36.01
1691758.00	35.84
1691773.00	37.53
1692067.00	38.38
1692082.00	38.15
1692366.00	37.95
1692400.00	38.35
1692703.00	36.06
1692716.00	36.12
1693006.00	38.08
1693013.00	39.34
1693301.00	39.87
1693338.00	38.15
1693597.00	38.08
1693710.00	35.73
1693932.00	33.42
1694028.00	36.17
1694270.00	36.01
1694324.00	37.33
1694568.00	39.73
1694646.00	38.13
1694847.00	39.41
1694993.00	38.14
1695182.00	34.66
1695310.00	36.22
1695546.00	34.76
1695618.00	35.37
1695845.00	38.89
1695941.00	37.94
1696147.00	37.81
1696241.00	39.20
1696482.00	37.22
1696558.00	36.22
1696800.00	37.22
1696888.00	36.43
1697096.00	37.75
1697212.00	38.14
1697393.00	38.07
1697508.00	39.67
1697729.00	37.36
1697825.00	36.17
1698063.00	36.33
1698126.00	37.26
1698360.00	39.40
1698450.00	38.01
1698675.00	36.94
1698789.00	36.14
1699012.00	34.91
1699106.00	36.05
1699338.00	36.65
1699415.00	37.25
1699633.00	39.09
1699739.00	38.20
1699925.00	38.41
1700047.00	39.30
1700264.00	36.50
1700363.00	36.02
1700606.00	35.91
1700655.00	37.52
1700902.00	40.08
1700978.00	38.07
1701216.00	37.00
1701275.00	38.59
1701557.00	37.16
1701594.00	35.85
1701896.00	35.95
1701922.00	35.44
1702189.00	38.19
1702247.00	38.30
1702472.00	38.94
1702584.00	38.35
1702818.00	34.56
1702901.00	35.67
1703144.00	36.71
1703162.00	40.64
1703434.00	42.88
1703486.00	38.55
1703734.00	37.87
1703802.00	38.33
1704085.00	35.48
1704118.00	35.36
1704416.00	36.62
1704422.00	37.31
1704706.00	40.65
1704740.00	39.05
1704968.00	40.72
1705062.00	40.78
1705322.00	34.93
1705382.00	35.11
1705699.00	34.15
1705976.00	39.79
1706023.00	39.45
1706190.00	45.71
1706338.00	46.23
1706547.00	35.25
1706658.00	35.01
1706890.00	35.59
1706953.00	37.02
1707178.00	40.35
1707277.00	38.63
1707489.00	37.12
1707608.00	36.79
1707847.00	34.35
1707928.00	34.91
1708138.00	38.72
1708261.00	38.05
1708422.00	38.48
1708587.00	38.87
1708701.00	39.31
1708915.00	39.15
1709054.00	34.65
1709234.00	35.15
1709380.00	36.48
1709551.00	36.60
1709671.00	38.82
1709875.00	38.42
1709944.00	39.76
1710192.00	40.22
1710294.00	35.52
1710511.00	35.34
1710627.00	36.10
1710847.00	35.22
1710928.00	37.15
1711170.00	37.81
1711222.00	38.34
1711494.00	38.34
1711568.00	35.26
1711811.00	35.67
1711886.00	37.22
1712130.00	36.99
1712187.00	37.91
1712453.00	37.74
1712496.00	37.36
1712770.00	37.71
1712841.00	35.66
1713086.00	35.77
1713153.00	37.64
1713381.00	38.91
1713457.00	39.28
1713705.00	37.49
1713763.00	37.49
1714077.00	35.19
1714107.00	32.95
1714394.00	35.66
1714456.00	35.51
1714689.00	36.89
1714762.00	39.15
1715012.00	37.42
1715050.00	38.69
1715356.00	37.63
1715395.00	34.30
1715672.00	35.76
1715768.00	34.43
1715979.00	34.98
1716076.00	38.31
1716299.00	37.53
1716387.00	37.35
1716600.00	38.58
1716731.00	36.76
1716914.00	35.82
1717059.00	36.66
1717243.00	35.86
1717365.00	37.22
1717565.00	37.61
1717668.00	37.67
1717860.00	39.34
1718015.00	36.99
1718174.00	35.78
1718357.00	35.93
1718473.00	36.87
1718663.00	39.01
1718794.00	37.66
1718985.00	36.64
1719129.00	35.93
1719332.00	34.66
1719445.00	35.72
1719665.00	36.34
1719749.00	36.95
1719968.00	38.82
1720070.00	37.91
1720266.00	38.17
1720374.00	39.08
1720612.00	36.34
1720687.00	35.84
1720962.00	35.70
1720975.00	37.33
1721263.00	39.96
1721296.00	37.91
1721584.00	36.82
1721591.00	38.38
1721905.00	37.17
1721931.00	35.73
1722230.00	35.10
1722277.00	35.20
1722553.00	35.37
1722574.00	38.13
1722864.00	38.68
1722888.00	37.97
1723202.00	39.20
1723214.00	35.70
1723461.00	39.62
1723545.00	40.54
1723783.00	36.09
1723840.00	38.33
1724096.00	38.86
1724144.00	38.20
1724412.00	38.02
1724498.00	35.28
1724707.00	36.61
1724839.00	37.24
1725029.00	35.57
1725125.00	38.89
1725349.00	39.00
1725390.00	40.64
1725668.00	40.75
1725748.00	35.02
1725984.00	35.20
1726126.00	34.24
1726307.00	33.72
1726404.00	39.37
1726620.00	46.09
1726937.00	45.85
1726979.00	35.04
1727232.00	36.49
1727323.00	37.21
1727555.00	35.41
1727612.00	38.55
1727884.00	38.27
1727924.00	36.90
1728203.00	37.41
1728283.00	34.87
1728537.00	34.10
1728573.00	38.07
1728857.00	38.43
1728860.00	39.03
1729135.00	39.48
1729188.00	39.20
1729487.00	34.80
1729504.00	35.42
1729813.00	36.71
1729820.00	36.71
1730104.00	38.95
1730143.00	38.61
1730375.00	40.03
1730458.00	40.38
1730723.00	35.57
1730775.00	35.51
1731055.00	36.38
1731108.00	35.54
1731353.00	37.51
1731431.00	38.00
1731644.00	38.55
1731754.00	38.55
1731989.00	35.31
1732069.00	35.77
1732303.00	37.46
1732386.00	37.40
1732603.00	38.28
1732709.00	37.87
1732909.00	37.55
1733025.00	38.01
1733252.00	35.92
1733339.00	35.98
1733561.00	37.76
1733632.00	39.04
1733863.00	39.61
1733956.00	37.75
1734165.00	37.75
1734325.00	35.53
1734507.00	33.24
1734641.00	35.97
1734851.00	35.77
1734934.00	37.18
1735154.00	39.61
1735256.00	37.86
1735439.00	39.02
1735598.00	37.84
1735780.00	34.50
1735914.00	35.97
1736149.00	34.60
1736220.00	35.28
1736453.00	38.69
1736539.00	37.84
1736761.00	37.65
1736837.00	38.95
1737102.00	37.04
1737151.00	36.03
1737426.00	36.94
1737478.00	36.19
1737727.00	37.58
1737799.00	37.98
1738028.00	37.98
1738092.00	39.67
1738369.00	37.33
1738405.00	36.04
1738702.00	37.12
1738708.00	37.28
1739010.00	39.41
1739022.00	37.91
1739329.00	36.93
1739356.00	36.21
1739669.00	37.34
1739670.00	36.09
1739972.00	36.71
1740001.00	37.24
1740291.00	36.26
1740301.00	38.10
1740594.00	39.14
1740596.00	39.54
1740905.00	38.98
1740939.00	36.06
1741191.00	37.72
1741284.00	37.72
1741509.00	35.71
1741583.00	38.35
1741801.00	39.94
1741901.00	38.75
1742114.00	37.46
1742244.00	36.00
1742436.00	35.42
1742587.00	35.52
1742755.00	35.69
1742880.00	38.57
1743087.00	37.85
1743167.00	38.34
1743398.00	39.54
1743514.00	35.92
1743654.00	40.08
1743843.00	41.06
1743971.00	36.54
1744134.00	38.82
1744282.00	39.24
1744435.00	38.51
1744593.00	38.45
1744787.00	35.67
1744886.00	36.84
1745125.00	37.58
1745204.00	36.00
1745409.00	39.26
1745519.00	39.44
1745671.00	41.27
1745832.00	41.39
1746026.00	35.46
1746143.00	35.58
1746403.00	34.57
1746461.00	34.21
1746678.00	39.92
1746769.00	40.47
1746892.00	46.65
1747081.00	46.41
1747249.00	35.38
1747371.00	36.81
1747592.00	37.54
1747689.00	35.81
1747880.00	39.04
1748011.00	38.75
1748190.00	37.29
1748324.00	37.82
1748547.00	35.32
1748650.00	34.57
1748836.00	38.45
1748968.00	38.96
1749120.00	39.40
1749291.00	39.05
1749398.00	39.50
1749602.00	40.21
1749748.00	35.72
1749911.00	35.85
1750073.00	37.24
1750229.00	36.70
1750364.00	38.77
1750539.00	39.24
1750636.00	40.74
1750851.00	40.68
1750982.00	35.92
1751178.00	34.93
1751314.00	35.75
1751495.00	36.38
1751612.00	38.35
1751813.00	38.35
1751904.00	38.75
1752122.00	39.24
1752249.00	36.14
1752434.00	35.95
1752564.00	37.64
1752751.00	37.34
1752864.00	38.22
1753061.00	38.64
1753170.00	38.31
1753372.00	38.31
1753514.00	36.08
1753660.00	37.46
1753823.00	39.45
1753979.00	37.53
1754126.00	37.91
1754342.00	35.67
1754429.00	35.67
1754653.00	38.38
1754772.00	36.16
1754942.00	37.61
1755118.00	37.41
1755259.00	35.61
1755421.00	38.02
1755597.00	36.87
1755708.00	37.95
1755908.00	39.46
1756050.00	36.21
1756208.00	36.91
1756421.00	35.51
1756523.00	34.58
1756728.00	37.95
1756817.00	39.35
1757036.00	39.23
1757127.00	38.07
1757378.00	36.16
1757450.00	35.46
1757704.00	36.31
1757765.00	36.77
1758007.00	38.20
1758055.00	39.89
1758310.00	39.89
1758363.00	38.63
1758653.00	36.25
1758658.00	37.16
1758974.00	35.82
1758994.00	36.02
1759298.00	38.14
1759304.00	37.24
1759613.00	38.57
1759618.00	37.53
1759914.00	38.04
1759962.00	36.81
1760229.00	35.81
1760294.00	36.38
1760530.00	37.38
1760595.00	39.20
1760838.00	38.63
1760892.00	38.96
1761122.00	40.64
1761236.00	37.81
1761437.00	35.77
1761583.00	35.72
1761727.00	37.34
1761884.00	39.88
1762038.00	38.51
1762202.00	37.41
1762358.00	36.93
1762548.00	35.54
1762675.00	35.66
1762891.00	35.71
1763005.00	34.97
1763186.00	37.89
1763314.00	39.10
1763474.00	39.52
1763569.00	43.55
1763822.00	40.03
1763885.00	35.63
1764152.00	36.60
1764193.00	37.03
1764444.00	39.23
1764502.00	39.17
1764746.00	38.57
1764794.00	39.68
1765099.00	36.86
1765111.00	35.27
1765425.00	35.45
1765438.00	36.19
1765721.00	39.57
1765737.00	39.69
1765984.00	41.28
1766046.00	41.46
1766338.00	35.70
1766364.00	35.16
1766672.00	35.83
1766716.00	34.77
1766982.00	34.58
1766991.00	40.42
1767205.00	46.53
1767272.00	47.91
1767562.00	36.93
1767588.00	35.13
1767902.00	35.86
1767911.00	35.57
1768190.00	38.75
1768225.00	39.21
1768500.00	37.82
1768551.00	37.13
1768855.00	34.62
1768867.00	35.13
1769142.00	39.11
1769190.00	38.82
1769425.00	39.18
1769502.00	39.77
1769702.00	40.22
1769812.00	40.34
1770050.00	35.93
1770129.00	35.57
1770373.00	36.88
1770439.00	37.24
1770662.00	39.38
1770751.00	39.26
1770931.00	40.86
1771079.00	39.94
1771275.00	35.03
1771398.00	35.60
1771604.00	36.43
1771716.00	36.37
1771899.00	38.50
1772028.00	38.92
1772188.00	39.26
1772341.00	39.20
1772529.00	36.04
1772659.00	35.81
1772840.00	37.52
1772971.00	37.82
1773137.00	38.78
1773282.00	38.84
1773438.00	38.58
1773574.00	39.88
1773777.00	37.67
1773894.00	35.84
1774082.00	37.66
1774261.00	35.30
1774380.00	35.88
1774575.00	38.59
1774679.00	38.46
1774868.00	39.87
1775015.00	37.70
1775187.00	36.00
1775355.00	35.84
1775528.00	34.65
1775654.00	36.97
1775842.00	38.46
1775935.00	39.80
1776146.00	40.48
1776271.00	36.97
1776465.00	36.00
1776635.00	34.69
1776762.00	36.13
1776934.00	39.67
1777075.00	38.59
1777236.00	38.39
1777402.00	37.64
1777570.00	35.71
1777721.00	36.04
1777889.00	36.93
1778015.00	38.63
1778186.00	39.94
1778327.00	38.77
1778481.00	38.91
1778625.00	39.73
1778818.00	37.30
1778946.00	35.88
1779150.00	36.04
1779282.00	35.27
1779446.00	37.48
1779595.00	38.72
1779759.00	37.70
1779899.00	38.19
1780094.00	36.90
1780220.00	35.99
1780418.00	36.59
1780523.00	37.62
1780711.00	39.61
1780836.00	38.99
1781000.00	39.20
1781124.00	40.91
1781335.00	38.11
1781443.00	35.99
1781671.00	35.94
1781738.00	37.57
1781964.00	40.21
1782053.00	38.87
1782273.00	37.70
1782376.00	37.24
1782608.00	35.82
1782697.00	35.93
1782942.00	36.04
1783031.00	35.33
1783229.00	38.16
1783345.00	39.34
1783508.00	40.01
1783602.00	44.02
1783846.00	40.21
1783921.00	35.84
1784167.00	36.82
1784234.00	37.23
1784450.00	39.69
1784546.00	39.69
1784743.00	38.98
1784840.00	40.07
1785086.00	37.19
1785160.00	35.69
1785414.00	36.37
1785477.00	36.43
1785690.00	39.87
1785791.00	40.10
1785946.00	41.77
1786104.00	41.83
1786291.00	35.94
1786425.00	35.53
1786657.00	34.46
1786735.00	35.05
1786925.00	41.06
1787048.00	40.88
1787132.00	47.28
1787341.00	48.63
1787479.00	37.20
1787659.00	35.55
1787812.00	36.16
1787985.00	35.71
1788092.00	39.18
1788300.00	39.81
1788393.00	38.33
1788629.00	37.54
1788739.00	34.93
1788948.00	35.49
1789021.00	39.43
1789274.00	39.09
1789296.00	39.54
1789564.00	40.10
1789586.00	40.86
1789897.00	40.92
1789905.00	36.21
1790216.00	35.74
1790221.00	37.17
1790504.00	39.28
1790528.00	39.69
1790766.00	41.36
1790841.00	41.30
1791104.00	36.25
1791171.00	35.28
1791427.00	36.14
1791490.00	36.82
1791716.00	38.98
1791808.00	38.98
1791999.00	39.26
1792120.00	39.62
1792334.00	36.46
1792433.00	36.40
1792640.00	38.13
1792751.00	37.84
1792933.00	38.70
1793062.00	39.11
1793229.00	38.84
1793372.00	38.90
1793562.00	36.69
1793663.00	37.93
1793863.00	39.81
1793983.00	38.04
1794157.00	38.57
1794347.00	36.29
1794451.00	36.22
1794660.00	38.86
1794784.00	36.56
1794949.00	38.05
1795119.00	37.84
1795267.00	36.05
1795414.00	38.49
1795606.00	37.34
1795692.00	38.56
1795918.00	40.07
1796024.00	36.68
1796219.00	37.37
1796384.00	35.93
1796535.00	35.00
1796680.00	38.54
1796830.00	39.87
1796980.00	39.67
1797142.00	38.64
1797312.00	36.63
1797467.00	35.81
1797629.00	36.77
1797783.00	37.28
1797922.00	38.74
1798074.00	40.35
1798216.00	40.35
1798383.00	39.17
1798549.00	36.75
1798680.00	37.59
1798880.00	37.70
1798997.00	36.38
1799174.00	38.62
1799331.00	37.67
1799487.00	36.52
1799642.00	37.82
1799820.00	36.63
1799945.00	37.13
1800142.00	37.73
1800263.00	36.88
1800436.00	38.69
1800565.00	39.54
1800724.00	39.96
1800877.00	39.40
1801059.00	36.46
1801163.00	38.25
1801396.00	38.15
1801480.00	36.06
1801690.00	38.69
1801774.00	40.14
1802000.00	39.04
1802087.00	37.82
1802336.00	36.35
1802408.00	35.88
1802671.00	35.93
1802730.00	35.93
1802959.00	38.80
1803061.00	38.25
1803239.00	38.83
1803373.00	39.98
1803580.00	36.21
1803631.00	40.02
1803902.00	41.04
1803950.00	36.76
1804189.00	39.06
1804262.00	39.54
1804484.00	38.91
1804574.00	38.85
1804830.00	35.90
1804866.00	37.20
1805162.00	37.97
1805185.00	36.26
1805441.00	39.65
1805502.00	39.83
1805698.00	41.47
1805817.00	41.47
1806047.00	35.52
1806129.00	35.76
1806418.00	34.80
1806449.00	34.33
1806689.00	40.06
1806759.00	40.66
1806900.00	46.92
1807073.00	46.68
1807250.00	35.59
1807364.00	37.07
1807587.00	37.72
1807683.00	36.00
1807871.00	39.34
1808008.00	38.94
1808175.00	37.44
1808323.00	38.07
1808526.00	35.54
1808650.00	34.74
1808813.00	38.55
1808969.00	39.06
1809091.00	39.58
1809293.00	39.29
1809363.00	39.84
1809605.00	40.54
1809709.00	35.95
1809916.00	36.01
1810029.00	37.35
1810235.00	36.87
1810316.00	39.06
1810547.00	39.48
1810582.00	40.94
1810860.00	40.88
1810924.00	36.04
1811189.00	35.18
1811250.00	36.03
1811507.00	36.59
1811543.00	38.63
1811826.00	38.57
1811831.00	38.99
1812136.00	39.53
1812170.00	36.38
1812450.00	36.14
1812479.00	37.82
1812768.00	37.59
1812775.00	38.42
1813076.00	38.09
1813078.00	38.57
1813388.00	38.57
1813414.00	36.43
1813678.00	37.74
1813719.00	39.69
1813997.00	37.90
1814015.00	38.42
1814315.00	38.22
1814362.00	35.88
1814651.00	33.71
1814673.00	36.47
1814963.00	37.91
1814991.00	37.66
1815280.00	35.91
1815290.00	38.41
1815571.00	39.53
1815618.00	38.26
1815907.00	34.91
1815929.00	36.53
1816230.00	37.17
1816272.00	35.77
1816545.00	34.90
1816573.00	38.33
1816839.00	39.61
1816876.00	39.48
1817149.00	38.50
1817212.00	36.59
1817473.00	35.71
1817533.00	36.59
1817789.00	37.11
1817830.00	38.53
1818078.00	40.15
1818127.00	40.15
1818387.00	38.96
1818464.00	36.60
1818680.00	37.58
1818800.00	37.69
1818996.00	36.22
1819098.00	38.41
1819326.00	37.67
1819413.00	36.66
1819635.00	37.82
1819751.00	36.54
1819935.00	37.11
1820077.00	37.76
1820251.00	36.77
1820373.00	38.54
1820550.00	39.60
1820664.00	39.94
1820857.00	39.49
1821003.00	36.63
1821139.00	38.19
1821343.00	38.19
1821454.00	36.08
1821639.00	38.60
1821743.00	40.35
1821952.00	39.27
1822052.00	37.88
1822292.00	36.39
1822371.00	35.85
1822630.00	35.95
1822687.00	36.13
1822920.00	39.01
1823016.00	38.16
1823202.00	38.74
1823324.00	40.08
1823546.00	36.31
1823577.00	40.50
1823870.00	41.56
1823892.00	36.82
1824158.00	39.09
1824200.00	39.64
1824456.00	39.02
1824509.00	38.90
1824798.00	40.22
1824803.00	37.36
1825114.00	35.62
1825136.00	36.28
1825416.00	39.75
1825428.00	39.93
1825675.00	41.56
1825739.00	41.68
1826024.00	35.82
1826048.00	35.94
1826365.00	35.46
1826396.00	34.42
1826668.00	40.24
1826672.00	40.91
1826878.00	47.30
1826982.00	47.05
1827229.00	35.78
1827271.00	37.24
1827566.00	37.93
1827587.00	36.18
1827850.00	39.51
1827909.00	39.11
1828154.00	37.61
1828221.00	38.19
1828506.00	35.61
1828546.00	34.86
1828790.00	38.94
1828863.00	39.46
1829068.00	39.75
1829183.00	39.46
1829340.00	40.09
1829493.00	40.74
1829685.00	36.03
1829803.00	36.09
1830003.00	37.65
1830118.00	37.22
1830289.00	39.24
1830428.00	39.66
1830554.00	41.38
1830738.00	41.31
1830894.00	36.28
1831065.00	35.34
1831219.00	36.25
1831381.00	36.88
1831510.00	38.87
1831696.00	38.81
1831795.00	39.31
1832006.00	39.73
1832133.00	36.54
1832316.00	36.48
1832441.00	38.06
1832631.00	37.82
1832735.00	38.86
1832940.00	39.17
1833033.00	38.83
1833248.00	38.95
1833369.00	36.72
1833536.00	37.98
1833671.00	40.02
1833852.00	38.15
1833966.00	38.55
1834214.00	36.24
1834262.00	36.24
1834524.00	39.03
1834596.00	36.70
1834811.00	38.23
1834933.00	38.08
1835126.00	36.24
1835229.00	38.66
1835463.00	37.43
1835508.00	38.64
1835771.00	40.24
1835840.00	36.87
1836070.00	37.44
1836204.00	35.93
1836384.00	34.99
1836501.00	38.59
1836676.00	40.01
1836801.00	39.87
1836984.00	38.83
1837134.00	36.81
1837306.00	36.04
1837452.00	36.87
1837620.00	37.28
1837746.00	38.80
1837909.00	40.42
1838041.00	40.35
1838215.00	39.15
1838376.00	36.77
1838507.00	37.83
1838707.00	38.09
1838821.00	36.67
1839002.00	38.79
1839149.00	37.98
1839314.00	36.89
1839456.00	38.00
1839650.00	36.71
1839754.00	37.35
1839972.00	38.06
1840068.00	37.05
1840265.00	38.86
1840365.00	39.94
1840554.00	40.22
1840672.00	39.57
1840890.00	36.77
1840952.00	38.70
1841228.00	38.54
1841265.00	36.25
1841521.00	38.86
1841553.00	40.49
1841831.00	39.45
1841860.00	38.13
1842169.00	36.60
1842177.00	36.12
1842490.00	36.36
1842504.00	36.46
1842793.00	39.26
1842817.00	38.45
1843072.00	39.18
1843123.00	40.36
1843376.00	44.40
1843413.00	40.56
1843689.00	36.09
1843735.00	37.11
1843995.00	37.61
1844021.00	39.98
1844302.00	39.86
1844316.00	39.15
1844590.00	40.42
1844663.00	37.48
1844904.00	35.78
1844993.00	36.56
1845216.00	36.68
1845271.00	40.07
1845526.00	40.25
1845529.00	41.89
1845834.00	41.96
1845877.00	36.10
1846149.00	35.68
1846247.00	34.58
1846455.00	35.19
1846518.00	41.13
1846728.00	47.36
1846765.00	47.05
1847053.00	48.50
1847077.00	37.33
1847370.00	35.52
1847414.00	36.12
1847690.00	35.89
1847696.00	39.37
1848000.00	37.72
1848004.00	38.07
1848331.00	37.33
1848351.00	34.80
1848635.00	38.83
1848650.00	39.34
1848913.00	39.71
1848971.00	39.54
1849185.00	40.09
1849282.00	40.68
1849530.00	36.01
1849592.00	36.08
1849850.00	37.47
1849910.00	36.99
1850135.00	39.19
1850221.00	39.61
1850401.00	41.17
1850534.00	41.05
1850743.00	36.09
1850862.00	35.23
1851069.00	36.03
1851182.00	36.53
1851360.00	38.64
1851501.00	38.58
1851647.00	38.93
1851813.00	39.40
1851986.00	36.26
1852126.00	36.20
1852296.00	37.88
1852445.00	37.59
1852590.00	38.49
1852758.00	38.85
1852890.00	38.51
1853070.00	38.58
1853227.00	36.42
1853362.00	37.72
1853531.00	39.62
1853683.00	37.67
1853827.00	38.19
1854050.00	35.99
1854126.00	35.86
1854365.00	38.53
1854461.00	36.34
1854656.00	37.76
1854800.00	37.60
1854977.00	35.84
1855097.00	38.24
1855317.00	37.21
1855378.00	38.41
1855632.00	39.74
1855713.00	36.23
1855934.00	36.97
1856077.00	35.62
1856253.00	34.65
1856376.00	38.17
1856549.00	39.60
1856678.00	39.41
1856863.00	38.26
1857013.00	36.34
1857190.00	35.60
1857333.00	36.48
1857509.00	36.99
1857629.00	38.42
1857802.00	40.00
1857925.00	40.00
1858115.00	38.72
1858262.00	36.35
1858413.00	37.36
1858595.00	37.47
1858732.00	36.04
1858892.00	38.24
1859066.00	37.47
1859206.00	36.40
1859381.00	37.46
1859542.00	36.23
1859686.00	36.84
1859868.00	37.44
1860006.00	36.59
1860162.00	38.43
1860310.00	39.28
1860452.00	39.70
1860622.00	39.26
1860790.00	36.36
1860910.00	37.93
1861128.00	37.88
1861229.00	35.95
1861423.00	38.49
1861523.00	40.00
1861735.00	38.98
1861836.00	37.76
1862073.00	36.25
1862160.00	35.66
1862410.00	35.72
1862481.00	35.77
1862699.00	38.68
1862814.00	38.07
1862979.00	38.65
1863127.00	39.78
1863321.00	36.04
1863385.00	40.14
1863644.00	41.16
1863704.00	36.70
1863930.00	39.06
1864016.00	39.54
1864227.00	38.84
1864329.00	38.72
1864573.00	35.84
1864623.00	36.99
1864903.00	37.87
1864943.00	36.37
1865183.00	39.50
1865259.00	39.62
1865441.00	41.50
1865573.00	41.68
1865789.00	35.69
1865886.00	35.75
1866159.00	34.78
1866208.00	34.31
1866429.00	40.09
1866517.00	40.80
1866639.00	47.11
1866830.00	46.93
1866988.00	35.76
1867122.00	37.12
1867324.00	37.83
1867441.00	35.99
1867606.00	39.22
1867765.00	38.99
1867909.00	37.69
1868080.00	38.20
1868259.00	35.58
1868409.00	34.84
1868542.00	38.77
1868727.00	39.40
1868819.00	39.85
1869051.00	39.45
1869089.00	40.08
1869364.00	40.72
1869432.00	35.94
1869675.00	36.06
1869750.00	37.52
1869993.00	37.11
1870033.00	39.34
1870297.00	40.84
1870305.00	41.19
1870619.00	41.13
1870636.00	36.20
1870948.00	35.23
1870959.00	36.09
1871248.00	38.23
1871267.00	38.91
1871533.00	39.26
1871585.00	39.26
1871868.00	36.11
1871897.00	36.52
1872175.00	38.19
1872210.00	38.07
1872466.00	38.99
1872528.00	38.64
1872762.00	38.37
1872839.00	38.84
1873097.00	36.58
1873151.00	36.58
1873396.00	38.64
1873442.00	39.87
1873690.00	40.28
1873762.00	38.57
1873983.00	38.50
1874128.00	36.17
1874315.00	33.93
1874442.00	36.56
1874649.00	36.34
1874732.00	37.83
1874943.00	40.35
1875050.00	38.63
1875219.00	39.79
1875391.00	38.59
1875549.00	35.17
1875703.00	36.73
1875909.00	35.29
1876006.00	35.91
1876203.00	39.47
1876323.00	38.55
1876500.00	38.42
1876618.00	39.80
1876830.00	37.82
1876930.00	36.73
1877144.00	37.64
1877255.00	36.88
1877435.00	38.44
1877573.00	38.89
1877727.00	38.82
1877864.00	40.48
1878057.00	38.04
1878175.00	36.80
1878385.00	36.96
1878470.00	37.93
1878677.00	40.21
1878788.00	38.82
1878984.00	37.71
1879119.00	36.92
1879315.00	35.65
1879431.00	36.79
1879633.00	37.46
1879732.00	38.03
1879923.00	39.82
1880050.00	38.84
1880208.00	39.26
1880351.00	40.31
1880538.00	37.37
1880660.00	36.86
1880870.00	36.86
1880945.00	38.54
1881160.00	41.12
1881261.00	39.08
1881465.00	37.95
1881552.00	39.42
1881796.00	38.02
1881863.00	36.79
1882125.00	36.90
1882184.00	36.37
1882409.00	39.08
1882501.00	39.31
1882683.00	40.14
1882832.00	39.24
1883017.00	35.38
1883141.00	36.70
1883334.00	37.65
1883395.00	41.77
1883616.00	44.15
1883713.00	39.54
1883905.00	38.96
1884020.00	39.57
1884244.00	36.51
1884330.00	36.33
1884569.00	37.18
1884621.00	38.42
1884843.00	41.74
1884938.00	40.08
1885095.00	41.96
1885252.00	42.13
1885436.00	35.98
1885564.00	36.10
1885799.00	35.11
1885873.00	35.29
1886064.00	41.29
1886190.00	40.81
1886270.00	47.32
1886498.00	47.92
1886613.00	36.31
1886807.00	36.19
1886943.00	36.91
1887097.00	38.23
1887221.00	41.65
1887412.00	39.97
1887518.00	38.53
1887734.00	38.18
1887862.00	35.52
1888046.00	36.05
1888140.00	39.99
1888370.00	39.29
1888414.00	39.76
1888680.00	40.24
1888687.00	40.70
1889007.00	40.47
1889019.00	35.78
1889318.00	36.32
1889332.00	37.76
1889612.00	39.98
1889626.00	40.22
1889873.00	41.76
1889943.00	41.21
1890208.00	36.22
1890251.00	36.71
1890528.00	37.59
1890561.00	37.47
1890816.00	39.53
1890886.00	38.65
1891097.00	39.09
1891202.00	39.60
1891431.00	36.33
1891517.00	36.45
1891735.00	38.20
1891825.00	38.57
1892024.00	39.44
1892135.00	39.31
1892319.00	39.04
1892450.00	38.74
1892651.00	36.44
1892759.00	36.87
1892950.00	38.89
1893065.00	39.02
1893242.00	39.35
1893352.00	40.63
1893535.00	40.70
1893668.00	38.81
1893864.00	36.54
1894029.00	34.22
1894200.00	33.90
1894339.00	36.65
1894492.00	39.24
1894625.00	40.77
1894769.00	41.86
1894939.00	40.08
1895100.00	36.67
1895275.00	35.38
1895459.00	33.94
1895582.00	35.60
1895755.00	39.15
1895881.00	39.73
1896052.00	39.60
1896194.00	38.65
1896383.00	36.62
1896484.00	38.04
1896698.00	38.94
1896792.00	37.89
1896991.00	39.36
1897112.00	38.58
1897284.00	38.58
1897425.00	38.99
1897616.00	36.51
1897713.00	38.14
1897946.00	38.36
1898019.00	37.15
1898239.00	39.35
1898310.00	40.42
1898550.00	39.31
1898624.00	37.76
1898883.00	36.40
1898952.00	35.54
1899204.00	36.25
1899260.00	37.54
1899496.00	39.36
1899559.00	39.87
1899784.00	40.15
1899873.00	39.27
1900118.00	36.46
1900170.00	37.47
1900455.00	37.36
1900478.00	36.72
1900747.00	39.29
1900759.00	40.99
1901056.00	39.95
1901073.00	37.82
1901361.00	39.52
1901392.00	37.98
1901670.00	36.59
1901728.00	36.65
1901988.00	36.11
1902015.00	39.12
1902295.00	39.64
1902304.00	39.81
1902633.00	39.07
1902634.00	35.28
1902941.00	36.45
1902956.00	37.42
1903193.00	41.76
1903242.00	44.14
1903509.00	39.37
1903537.00	38.67
1903815.00	39.15
1903883.00	36.26
1904123.00	36.20
1904213.00	36.92
1904412.00	38.18
1904493.00	41.42
1904728.00	39.68
1904751.00	41.47
1905042.00	41.59
1905100.00	35.69
1905352.00	35.93
1905470.00	34.88
1905661.00	35.00
1905741.00	40.86
1905953.00	47.04
1905977.00	46.62
1906283.00	47.10
1906303.00	35.97
1906592.00	35.85
1906642.00	36.49
1906880.00	37.88
1906926.00	41.19
1907196.00	39.38
1907231.00	37.95
1907518.00	37.66
1907582.00	35.13
1907830.00	35.66
1907869.00	39.48
1908148.00	39.92
1908156.00	39.16
1908422.00	39.62
1908472.00	40.20
1908770.00	35.68
1908793.00	35.33
1909091.00	36.70
1909104.00	37.29
1909378.00	39.46
1909412.00	39.65
1909647.00	41.10
1909729.00	40.56
1909989.00	35.81
1910040.00	36.16
1910318.00	36.84
1910351.00	36.84
1910614.00	38.84
1910678.00	37.91
1910903.00	38.47
1910995.00	39.04
1911244.00	35.81
1911313.00	35.81
1911555.00	37.52
1911623.00	37.94
1911854.00	38.77
1911935.00	38.65
1912157.00	38.32
1912253.00	38.02
1912497.00	35.86
1912562.00	36.34
1912804.00	38.31
1912872.00	38.25
1913103.00	38.70
1913162.00	40.01
1913404.00	39.88
1913481.00	38.09
1913743.00	35.90
1913846.00	33.56
1914085.00	33.46
1914157.00	36.21
1914386.00	38.58
1914446.00	40.09
1914670.00	41.12
1914762.00	39.37
1915008.00	36.13
1915101.00	34.80
1915376.00	33.43
1915412.00	34.99
1915679.00	38.45
1915712.00	39.21
1915983.00	39.01
1916027.00	38.07
1916321.00	39.42
1916322.00	37.48
1916631.00	36.38
1916643.00	37.35
1916943.00	38.70
1916954.00	37.94
1917242.00	37.94
1917270.00	38.40
1917559.00	40.01
1917581.00	37.74
1917868.00	36.55
1917918.00	36.60
1918161.00	37.58
1918217.00	39.80
1918479.00	38.22
1918534.00	37.16
1918809.00	36.54
1918873.00	35.28
1919120.00	36.32
1919201.00	36.90
1919422.00	37.53
1919498.00	39.40
1919739.00	38.47
1919790.00	38.81
1920040.00	39.68
1920130.00	36.83
1920351.00	36.33
1920471.00	36.28
1920637.00	37.87
1920768.00	40.43
1920953.00	38.53
1921082.00	37.46
1921245.00	38.86
1921423.00	37.38
1921558.00	36.09
1921761.00	36.25
1921880.00	35.78
1922053.00	38.52
1922199.00	38.58
1922335.00	39.30
1922532.00	38.63
1922678.00	34.92
1922844.00	36.05
1923004.00	36.95
1923101.00	40.99
1923292.00	43.37
1923422.00	38.86
1923589.00	38.24
1923733.00	38.77
1923937.00	35.92
1924046.00	35.86
1924270.00	36.52
1924339.00	37.74
1924550.00	41.22
1924660.00	39.52
1924809.00	41.15
1924977.00	41.33
1925158.00	35.46
1925293.00	35.52
1925529.00	34.56
1925607.00	34.68
1925800.00	40.50
1925928.00	40.14
1926011.00	46.32
1926239.00	46.86
1926360.00	35.82
1926554.00	35.64
1926697.00	36.24
1926846.00	37.65
1926980.00	41.06
1927167.00	39.30
1927283.00	37.85
1927493.00	37.57
1927634.00	34.95
1927810.00	35.41
1927917.00	39.32
1928140.00	38.59
1928196.00	39.04
1928461.00	39.60
1928466.00	40.22
1928786.00	39.94
1928811.00	35.25
1929101.00	35.82
1929127.00	37.28
1929412.00	39.44
1929413.00	39.56
1929677.00	41.13
1929734.00	40.72
1930015.00	35.84
1930047.00	36.25
1930339.00	37.00
1930363.00	36.88
1930628.00	39.15
1930693.00	38.30
1930912.00	38.52
1931014.00	39.08
1931247.00	35.99
1931336.00	35.88
1931554.00	37.54
1931648.00	38.13
1931844.00	39.19
1931964.00	38.95
1932141.00	38.54
1932283.00	38.37
1932474.00	36.15
1932597.00	36.51
1932774.00	38.45
1932910.00	38.45
1933068.00	38.86
1933202.00	40.14
1933361.00	40.28
1933523.00	38.58
1933691.00	36.20
1933889.00	33.85
1934026.00	33.63
1934203.00	36.34
1934320.00	38.80
1934495.00	40.21
1934597.00	41.44
1934814.00	39.79
1934927.00	36.43
1935155.00	35.13
1935285.00	33.63
1935468.00	35.23
1935580.00	38.86
1935771.00	39.48
1935876.00	39.34
1936090.00	38.42
1936206.00	36.43
1936385.00	37.87
1936520.00	38.73
1936697.00	37.64
1936810.00	39.12
1937023.00	38.31
1937102.00	38.24
1937341.00	38.70
1937432.00	36.43
1937633.00	38.15
1937760.00	38.26
1937944.00	37.02
1938051.00	39.17
1938238.00	40.21
1938360.00	39.16
1938558.00	37.53
1938691.00	36.20
1938889.00	35.59
1939010.00	36.32
1939201.00	37.40
1939301.00	39.19
1939503.00	39.82
1939585.00	40.25
1939821.00	39.26
1939916.00	36.32
1940122.00	37.37
1940249.00	37.31
1940431.00	36.81
1940539.00	39.45
1940716.00	41.12
1940845.00	39.93
1941031.00	37.83
1941178.00	36.38
1941322.00	37.98
1941508.00	38.09
1941634.00	36.73
1941794.00	39.55
1941955.00	39.08
1942070.00	39.67
1942271.00	39.85
1942407.00	36.11
1942604.00	35.27
1942724.00	36.27
1942912.00	37.65
1943007.00	40.01
1943169.00	43.90
1943297.00	43.25
1943485.00	38.88
1943639.00	35.86
1943796.00	36.23
1943965.00	37.07
1944108.00	36.95
1944241.00	40.22
1944399.00	41.58
1944494.00	43.62
1944717.00	41.90
1944838.00	35.65
1945034.00	35.76
1945204.00	34.73
1945348.00	34.91
1945471.00	40.96
1945661.00	41.02
1945678.00	47.34
1945981.00	46.81
1946024.00	35.42
1946290.00	36.14
1946356.00	36.75
1946603.00	36.51
1946634.00	40.08
1946896.00	41.37
1946935.00	39.74
1947217.00	37.99
1947281.00	35.37
1947542.00	35.15
1947562.00	39.16
1947835.00	39.70
1947860.00	40.10
1948104.00	40.50
1948191.00	39.83
1948444.00	35.12
1948513.00	35.57
1948759.00	36.99
1948839.00	36.77
1949041.00	39.03
1949154.00	39.72
1949304.00	41.24
1949467.00	41.36
1949640.00	36.41
1949789.00	35.82
1949961.00	36.64
1950104.00	37.05
1950250.00	39.08
1950419.00	39.08
1950533.00	39.59
1950750.00	38.68
1950866.00	35.49
1951073.00	35.98
1951172.00	37.61
1951396.00	37.55
1951463.00	38.55
1951710.00	39.07
1951757.00	38.73
1952027.00	38.61
1952091.00	36.33
1952348.00	36.04
1952390.00	38.05
1952663.00	38.40
1952682.00	38.80
1952975.00	38.80
1952979.00	38.80
1953272.00	40.14
1953306.00	37.83
1953596.00	35.98
1953641.00	35.82
1953934.00	38.28
1953967.00	36.02
1954210.00	37.26
1954283.00	39.98
1954542.00	36.44
1954578.00	37.76
1954899.00	36.15
1954901.00	34.76
1955197.00	38.32
1955244.00	37.09
1955495.00	36.89
1955561.00	38.35
1955825.00	36.43
1955866.00	37.16
1956139.00	38.07
1956188.00	37.11
1956433.00	38.39
1956486.00	39.80
1956725.00	40.01
1956802.00	38.94
1957057.00	36.39
1957131.00	35.54
1957386.00	35.75
1957452.00	36.31
1957680.00	38.51
1957747.00	40.07
1957990.00	38.97
1958061.00	37.76
1958322.00	36.50
1958360.00	37.44
1958643.00	38.11
1958683.00	36.64
1958934.00	38.41
1959019.00	37.76
1959221.00	38.18
1959334.00	39.30
1959554.00	36.34
1959641.00	36.82
1959889.00	36.77
1959962.00	35.93
1960180.00	38.59
1960267.00	39.56
1960488.00	38.44
1960581.00	37.88
1960823.00	36.40
1960869.00	38.09
1961156.00	38.14
1961189.00	36.15
1961442.00	39.06
1961484.00	40.50
1961720.00	41.09
1961800.00	39.89
1962058.00	36.13
1962123.00	35.66
1962378.00	36.70
1962444.00	36.82
1962661.00	39.16
1962780.00	38.40
1962955.00	37.69
1963094.00	38.86
1963297.00	35.93
1963351.00	40.00
1963625.00	40.79
1963672.00	36.31
1963902.00	39.62
1963984.00	40.15
1964158.00	41.98
1964298.00	41.86
1964502.00	35.83
1964593.00	37.11
1964869.00	36.09
1964912.00	34.52
1965138.00	40.36
1965231.00	40.36
1965347.00	46.79
1965546.00	47.08
1965693.00	35.78
1965860.00	35.84
1966027.00	36.51
1966180.00	36.10
1966307.00	39.37
1966490.00	39.96
1966609.00	38.51
1966803.00	38.32
1966956.00	35.79
1967096.00	37.08
1967237.00	41.07
1967417.00	39.37
1967513.00	39.83
1967742.00	39.54
1967781.00	40.10
1968057.00	40.68
1968123.00	35.92
1968385.00	35.13
1968440.00	36.49
1968705.00	37.05
1968722.00	39.35
1968985.00	40.86
1969029.00	40.58
1969323.00	35.66
1969343.00	36.30
1969645.00	37.11
1969655.00	37.17
1969935.00	39.26
1969974.00	38.85
1970217.00	39.28
1970287.00	39.69
1970552.00	36.46
1970600.00	36.40
1970858.00	38.07
1970929.00	37.10
1971151.00	38.02
1971249.00	38.64
1971446.00	38.43
1971568.00	38.43
1971780.00	36.15
1971880.00	36.63
1972080.00	38.58
1972194.00	38.39
1972372.00	38.86
1972513.00	38.51
1972667.00	38.44
1972824.00	38.98
1972998.00	36.68
1973136.00	36.62
1973333.00	36.52
1973428.00	37.81
1973627.00	40.14
1973748.00	38.38
1973905.00	39.60
1974115.00	37.24
1974236.00	33.90
1974429.00	36.61
1974595.00	35.12
1974721.00	36.54
1974891.00	40.07
1975040.00	38.37
1975190.00	38.23
1975381.00	37.04
1975520.00	35.07
1975695.00	36.56
1975835.00	37.46
1975998.00	38.14
1976128.00	39.61
1976317.00	38.70
1976419.00	38.77
1976613.00	40.08
1976752.00	37.58
1976926.00	36.56
1977080.00	36.83
1977252.00	36.08
1977373.00	38.17
1977571.00	38.63
1977683.00	37.59
1977863.00	39.17
1978015.00	37.79
1978175.00	36.57
1978336.00	37.29
1978472.00	38.31
1978626.00	40.14
1978792.00	38.65
1978912.00	39.00
1979126.00	38.29
1979245.00	35.38
1979439.00	36.45
1979579.00	36.40
1979743.00	37.01
1979871.00	39.55
1980063.00	38.64
1980178.00	37.72
1980365.00	38.82
1980512.00	37.21
1980677.00	36.52
1980844.00	36.62
1980963.00	38.41
1981130.00	41.26
1981281.00	39.12
1981408.00	39.71
1981576.00	41.22
1981745.00	37.51
1981889.00	36.30
1982066.00	37.23
1982211.00	36.70
1982348.00	39.18
1982531.00	39.35
1982642.00	38.57
1982865.00	37.74
1982985.00	34.86
1983176.00	36.16
1983313.00	36.84
1983432.00	41.00
1983590.00	44.37
1983750.00	39.79
1983846.00	41.62
1984061.00	42.10
1984191.00	36.08
1984373.00	35.95
1984560.00	34.89
1984666.00	36.11
1984828.00	42.08
1984986.00	40.44
1985038.00	46.65
1985302.00	46.88
1985386.00	35.58
1985616.00	35.64
1985720.00	36.40
1985927.00	36.58
1986002.00	39.90
1986247.00	39.37
1986305.00	37.91
1986555.00	38.69
1986654.00	36.07
1986868.00	35.70
1986938.00	39.56
1987159.00	40.98
1987215.00	41.51
1987477.00	39.73
1987485.00	40.28
1987801.00	40.00
1987831.00	35.25
1988116.00	35.77
1988149.00	37.22
1988435.00	39.37
1988442.00	38.74
1988700.00	40.21
1988761.00	40.67
1989042.00	35.75
1989083.00	35.46
1989367.00	36.36
1989396.00	36.94
1989661.00	38.92
1989705.00	39.17
1989948.00	39.59
1990024.00	38.99
1990287.00	35.84
1990335.00	36.32
1990597.00	37.94
1990647.00	37.88
1990894.00	38.78
1990974.00	37.91
1991194.00	37.65
1991293.00	38.16
1991533.00	35.85
1991609.00	35.91
1991837.00	37.96
1991920.00	38.32
1992135.00	38.71
1992233.00	38.65
1992434.00	38.58
1992549.00	38.28
1992772.00	36.06
1992859.00	36.48
1993113.00	36.23
1993169.00	36.29
1993412.00	38.76
1993458.00	40.15
1993695.00	41.34
1993775.00	39.47
1994033.00	36.06
1994139.00	33.66
1994400.00	32.28
1994451.00	35.03
1994702.00	38.45
1994739.00	39.89
1995006.00	39.70
1995055.00	37.95
1995344.00	36.07
1995392.00	34.91
1995666.00	35.83
1995704.00	37.23
1995966.00	38.51
1996004.00	39.34
1996265.00	39.40
1996319.00	38.34
1996605.00	36.02
1996613.00	37.41
1996921.00	36.50
1996942.00	36.60
1997241.00	38.76
1997246.00	37.82
1997559.00	36.76
1997560.00	37.28
1997849.00	38.96
1997898.00	37.71
1998158.00	36.45
1998228.00	36.97
1998452.00	37.89
1998526.00	39.80
1998770.00	38.35
1998821.00	38.62
1999101.00	37.89
1999162.00	35.17
1999412.00	36.27
1999507.00	35.96
1999714.00	36.59
1999806.00	39.27
