1004699.00	0.00
1006218.00	0.00
1007873.00	0.34
1008939.00	0.73
1010038.00	0.89
1011145.00	0.98
1012231.00	0.97
1012810.00	1.13
1013911.00	1.28
1014411.00	1.31
1015267.00	1.46
1015738.00	1.60
1016436.00	1.72
1017042.00	1.74
1017804.00	1.60
1018178.00	1.73
1019006.00	1.83
1019335.00	1.82
1020035.00	1.97
1020413.00	2.04
1021004.00	2.10
1021451.00	2.14
1022090.00	2.02
1022380.00	2.14
1023031.00	2.29
1023373.00	2.22
1023913.00	2.29
1024275.00	2.40
1024793.00	2.41
1025217.00	2.35
1025754.00	2.25
1026102.00	2.33
1026593.00	2.49
1027033.00	2.43
1027403.00	2.47
1027946.00	2.50
1028213.00	2.50
1028870.00	2.48
1029104.00	2.36
1029773.00	2.39
1029985.00	2.40
1030715.00	2.35
1030755.00	2.53
1031483.00	2.61
1031551.00	2.75
1032337.00	2.54
1032518.00	2.36
1033251.00	2.28
1033430.00	2.35
1034003.00	2.60
1034470.00	2.45
1034760.00	2.45
1035480.00	2.48
1035587.00	2.36
1036358.00	2.45
1036579.00	2.36
1037076.00	2.47
1037657.00	2.48
1037791.00	2.49
1038593.00	2.33
1038836.00	2.25
1039375.00	2.28
1039889.00	2.39
1040073.00	2.55
1040818.00	2.45
1041099.00	2.32
1041606.00	2.25
1042253.00	2.29
1042357.00	2.35
1043040.00	2.50
1043497.00	2.43
1043716.00	2.45
1044462.00	2.70
1044491.00	2.49
1045261.00	2.50
1045704.00	2.25
1045931.00	2.46
1046639.00	2.38
1046919.00	2.40
1047401.00	2.29
1048153.00	2.31
1048209.00	2.26
1048804.00	2.48
1049442.00	2.51
1049512.00	2.50
1050207.00	2.22
1050850.00	2.20
1050920.00	2.30
1051559.00	2.48
1052041.00	2.58
1052219.00	2.52
1052987.00	2.29
1053414.00	2.18
1053715.00	2.25
1054330.00	2.52
1054562.00	2.67
1054900.00	2.81
1055668.00	2.33
1055948.00	2.17
1056477.00	2.10
1057073.00	2.57
1057161.00	2.68
1057537.00	3.19
1058305.00	2.28
1058586.00	2.15
1059034.00	2.22
1059647.00	2.50
1059834.00	2.61
1060312.00	2.47
1061070.00	2.27
1061194.00	2.20
1061679.00	2.54
1062281.00	2.57
1062495.00	2.60
1062872.00	2.64
1063620.00	2.25
1063808.00	2.25
1064305.00	2.38
1064922.00	2.55
1064955.00	2.67
1065503.00	2.78
1066203.00	2.70
1066241.00	2.31
1066940.00	2.39
1067256.00	2.55
1067570.00	2.72
1068187.00	2.75
1068471.00	2.62
1068917.00	2.35
1069573.00	2.51
1069630.00	2.56
1070206.00	2.62
1070789.00	2.62
1070854.00	2.58
1071579.00	2.40
1071781.00	2.56
1072221.00	2.75
1072854.00	2.77
1072911.00	2.64
1073493.00	2.62
1073892.00	2.77
1074206.00	2.60
1074919.00	2.59
1074972.00	2.49
1075549.00	2.69
1076036.00	2.71
1076147.00	2.80
1076854.00	2.52
1077088.00	2.53
1077617.00	2.42
1077982.00	2.60
1078248.00	2.90
1078888.00	2.87
1078991.00	2.73
1079590.00	2.59
1080078.00	2.51
1080253.00	2.60
1080869.00	2.72
1081070.00	2.82
1081490.00	2.81
1081935.00	2.97
1082188.00	2.77
1082875.00	2.80
1082889.00	2.68
1083490.00	2.87
1083748.00	2.99
1084145.00	2.88
1084683.00	2.78
1084842.00	2.68
1085512.00	2.75
1085533.00	2.86
1086121.00	3.02
1086436.00	2.95
1086725.00	2.96
1087270.00	3.06
1087422.00	2.82
1088113.00	2.83
1088159.00	2.76
1088721.00	2.97
1089017.00	3.01
1089361.00	2.92
1089883.00	2.91
1090053.00	2.78
1090675.00	2.90
1090736.00	2.92
1091328.00	3.16
1091530.00	3.06
1091909.00	3.10
1092311.00	3.21
1092608.00	2.91
1093140.00	2.83
1093260.00	2.94
1093845.00	3.13
1093923.00	3.20
1094449.00	3.14
1094746.00	3.07
1095153.00	2.82
1095549.00	2.86
1095822.00	2.94
1096359.00	2.93
1096387.00	3.22
1096912.00	3.36
1097147.00	3.40
1097620.00	2.87
1097956.00	2.84
1098368.00	2.76
1098664.00	2.95
1098915.00	3.47
1099344.00	4.01
1099461.00	3.84
1100052.00	2.86
1100194.00	2.98
1100727.00	3.05
1100995.00	2.92
1101295.00	3.22
1101743.00	3.32
1101910.00	3.18
1102531.00	3.10
1102614.00	2.88
1103180.00	3.25
1103276.00	3.33
1103737.00	3.36
1104065.00	3.28
1104285.00	3.32
1104751.00	3.52
1104979.00	3.11
1105526.00	2.93
1105613.00	3.07
1106187.00	3.25
1106253.00	3.34
1106724.00	3.47
1107027.00	3.38
1107409.00	2.95
1107618.00	3.38
1108057.00	3.46
1108378.00	3.06
1108643.00	3.24
1109112.00	3.29
1109219.00	3.32
1109872.00	3.27
1109897.00	2.99
1110510.00	3.16
1110621.00	3.18
1111101.00	3.25
1111370.00	3.25
1111704.00	3.21
1112027.00	3.40
1112382.00	3.21
1112773.00	3.02
1112985.00	3.21
1113385.00	3.53
1113579.00	3.55
1114112.00	3.28
1114179.00	3.26
1114745.00	3.48
1114852.00	3.29
1115472.00	3.06
1115525.00	3.06
1116108.00	3.28
1116123.00	3.47
1116690.00	3.57
1116817.00	3.40
1117364.00	3.10
1117510.00	3.14
1118093.00	3.01
1118215.00	2.99
1118697.00	3.30
1118837.00	3.50
1119310.00	3.47
1119522.00	3.31
1119985.00	3.15
1120112.00	3.40
1120625.00	3.49
1120795.00	3.24
1121222.00	3.36
1121450.00	3.43
1121824.00	3.41
1122118.00	3.38
1122503.00	3.18
1122696.00	3.43
1123173.00	3.45
1123358.00	3.22
1123774.00	3.41
1123938.00	3.63
1124416.00	3.51
1124584.00	3.32
1125101.00	3.22
1125234.00	3.21
1125761.00	3.28
1125879.00	3.28
1126362.00	3.44
1126432.00	3.72
1126961.00	3.73
1127066.00	3.48
1127652.00	3.24
1127756.00	3.10
1128341.00	3.11
1128394.00	3.24
1128946.00	3.45
1128950.00	3.70
1129573.00	3.49
1129587.00	3.39
1130142.00	3.56
1130282.00	3.43
1130763.00	3.27
1130968.00	3.28
1131332.00	3.44
1131568.00	3.67
1131938.00	3.56
1132152.00	3.60
1132508.00	3.71
1132860.00	3.39
1133115.00	3.28
1133523.00	3.38
1133708.00	3.42
1134118.00	3.61
1134305.00	3.59
1134736.00	3.52
1134856.00	3.68
1135454.00	3.52
1135457.00	3.28
1136002.00	3.44
1136144.00	3.51
1136590.00	3.38
1136726.00	3.67
1137148.00	3.76
1137268.00	3.90
1137739.00	3.79
1138001.00	3.28
1138315.00	3.33
1138776.00	3.24
1138898.00	3.21
1139347.00	3.71
1139470.00	3.75
1139795.00	4.27
1140058.00	4.21
1140537.00	3.26
1140573.00	3.52
1141158.00	3.28
1141246.00	3.35
1141695.00	3.51
1141845.00	3.78
1142287.00	3.60
1142493.00	3.46
1142840.00	3.59
1143239.00	3.37
1143426.00	3.27
1143840.00	3.61
1143983.00	3.70
1144436.00	3.72
1144573.00	3.62
1145021.00	3.65
1145092.00	3.89
1145675.00	3.66
1145766.00	3.28
1146228.00	3.38
1146449.00	3.50
1146817.00	3.39
1147069.00	3.55
1147268.00	4.10
1147653.00	4.21
1147846.00	3.69
1148398.00	3.29
1148412.00	3.34
1148999.00	3.26
1149106.00	3.34
1149575.00	3.37
1149745.00	3.54
1150157.00	3.52
1150375.00	3.54
1150671.00	3.79
1151118.00	3.53
1151255.00	3.28
1151736.00	3.67
1151791.00	3.82
1152312.00	3.45
1152440.00	3.51
1152812.00	3.79
1153107.00	3.75
1153394.00	3.45
1153856.00	3.27
1153905.00	3.52
1154479.00	3.30
1154521.00	3.48
1155043.00	3.51
1155179.00	3.52
1155622.00	3.48
1155845.00	3.46
1156134.00	3.70
1156591.00	3.53
1156704.00	3.32
1157196.00	3.62
1157339.00	3.61
1157771.00	3.29
1158002.00	3.48
1158326.00	3.55
1158630.00	3.64
1158896.00	3.59
1159379.00	3.31
1159390.00	3.60
1159962.00	3.30
1160189.00	3.19
1160463.00	3.46
1160862.00	3.73
1161028.00	3.49
1161547.00	3.46
1161596.00	3.45
1162163.00	3.45
1162300.00	3.31
1162650.00	3.63
1163011.00	3.71
1163211.00	3.41
1163678.00	3.51
1163826.00	3.35
1164351.00	3.34
1164391.00	3.49
1164888.00	3.75
1165106.00	3.58
1165444.00	3.35
1165854.00	3.36
1165952.00	3.54
1166513.00	3.34
1166525.00	3.51
1167024.00	3.69
1167244.00	3.58
1167572.00	3.44
1168013.00	3.35
1168087.00	3.47
1168640.00	3.33
1168752.00	3.39
1169179.00	3.44
1169426.00	3.57
1169725.00	3.55
1170101.00	3.55
1170230.00	3.71
1170776.00	3.55
1170878.00	3.34
1171280.00	3.50
1171651.00	3.51
1171818.00	3.38
1172326.00	3.58
1172330.00	3.68
1172871.00	3.57
1173038.00	3.48
1173401.00	3.52
1173806.00	3.42
1173937.00	3.40
1174464.00	3.43
1174560.00	3.45
1175001.00	3.41
1175217.00	3.62
1175474.00	3.90
1175854.00	3.95
1176006.00	3.69
1176499.00	3.85
1176621.00	3.57
1177037.00	3.39
1177333.00	3.50
1177541.00	3.62
1177969.00	3.81
1178074.00	3.70
1178583.00	3.79
1178627.00	3.73
1179119.00	3.62
1179388.00	3.40
1179589.00	3.69
1180107.00	3.77
1180120.00	3.50
1180623.00	3.62
1180712.00	3.90
1181158.00	3.77
1181271.00	3.91
1181565.00	4.55
1182024.00	4.06
1182090.00	3.46
1182603.00	3.51
1182812.00	3.45
1183136.00	3.37
1183388.00	3.88
1183657.00	3.92
1183835.00	4.45
1184185.00	4.42
1184573.00	3.48
1184653.00	3.74
1185185.00	3.47
1185271.00	3.55
1185619.00	4.00
1185856.00	4.30
1186144.00	3.87
1186485.00	3.75
1186600.00	4.05
1187130.00	3.72
1187204.00	3.51
1187594.00	3.80
1187780.00	4.17
1188116.00	3.92
1188346.00	3.95
1188630.00	3.98
1188900.00	4.02
1189156.00	3.97
1189599.00	3.57
1189623.00	3.83
1190140.00	3.60
1190238.00	3.75
1190586.00	4.08
1190811.00	4.27
1191108.00	3.92
1191349.00	4.04
1191613.00	4.12
1192030.00	3.70
1192126.00	3.66
1192577.00	3.95
1192674.00	4.04
1193094.00	3.73
1193252.00	3.93
1193549.00	4.21
1193818.00	4.24
1194059.00	3.99
1194482.00	3.72
1194575.00	3.69
1195079.00	3.87
1195089.00	3.88
1195533.00	4.21
1195653.00	4.28
1196044.00	3.97
1196236.00	3.93
1196604.00	3.74
1196888.00	3.55
1197123.00	3.71
1197464.00	3.93
1197580.00	4.21
1198031.00	4.23
1198091.00	3.99
1198561.00	4.17
1198599.00	4.17
1199075.00	3.97
1199234.00	3.77
1199545.00	3.96
1199869.00	3.96
1200055.00	3.79
1200426.00	4.02
1200530.00	4.17
1200953.00	4.29
1201040.00	4.13
1201536.00	4.19
1201577.00	3.88
1202042.00	3.84
1202249.00	3.71
1202509.00	3.89
1202802.00	4.24
1203012.00	4.07
1203360.00	4.05
1203474.00	4.23
1203971.00	4.08
1203975.00	3.90
1204443.00	4.01
1204554.00	4.11
1204940.00	4.00
1205092.00	4.15
1205427.00	4.20
1205632.00	4.19
1205917.00	4.17
1206238.00	3.95
1206399.00	3.99
1206834.00	4.02
1206890.00	3.97
1207320.00	4.29
1207368.00	4.50
1207804.00	4.22
1207936.00	4.10
1208250.00	4.29
1208539.00	4.18
1208738.00	3.98
1209119.00	4.05
1209191.00	4.21
1209648.00	4.38
1209671.00	4.26
1210127.00	4.37
1210169.00	4.41
1210608.00	4.29
1210773.00	4.00
1211027.00	4.34
1211374.00	4.34
1211501.00	4.04
1211898.00	4.30
1211946.00	4.45
1212422.00	4.30
1212456.00	4.18
1212783.00	4.90
1213059.00	4.75
1213249.00	4.08
1213654.00	4.11
1213704.00	4.16
1214172.00	4.43
1214173.00	4.35
1214636.00	4.39
1214676.00	4.44
1215101.00	4.42
1215289.00	4.05
1215515.00	4.34
1215862.00	4.45
1215982.00	4.15
1216364.00	4.67
1216376.00	4.89
1216825.00	4.41
1216910.00	4.33
1217226.00	4.69
1217532.00	4.40
1217688.00	4.04
1218095.00	4.36
1218126.00	4.44
1218549.00	4.16
1218629.00	4.48
1219001.00	4.50
1219095.00	4.67
1219457.00	4.64
1219727.00	4.04
1219863.00	4.34
1220313.00	4.08
1220397.00	3.98
1220703.00	4.35
1220888.00	4.93
1221157.00	4.54
1221271.00	5.15
1221595.00	5.23
1221909.00	4.12
1222044.00	4.07
1222435.00	4.41
1222520.00	4.49
1222885.00	4.14
1223033.00	4.47
1223280.00	4.79
1223588.00	4.64
1223723.00	4.35
1224172.00	4.32
1224227.00	4.06
1224622.00	4.06
1224740.00	4.47
1225005.00	4.88
1225249.00	4.90
1225448.00	4.53
1225747.00	4.57
1225936.00	4.34
1226380.00	3.89
1226385.00	4.08
1226781.00	4.41
1226961.00	4.56
1227225.00	4.26
1227485.00	4.46
1227632.00	4.67
1227975.00	4.82
1228081.00	4.58
1228494.00	4.79
1228603.00	4.31
1228935.00	4.13
1229197.00	4.23
1229354.00	4.36
1229731.00	4.56
1229802.00	4.40
1230240.00	4.45
1230256.00	4.49
1230686.00	4.44
1230875.00	4.13
1231099.00	4.32
1231432.00	4.52
1231550.00	4.30
1231962.00	4.52
1231968.00	4.60
1232405.00	4.42
1232515.00	4.38
1232832.00	4.48
1233125.00	4.27
1233280.00	4.14
1233668.00	4.36
1233719.00	4.41
1234165.00	4.38
1234200.00	4.42
1234604.00	4.46
1234735.00	4.44
1235054.00	4.38
1235334.00	4.17
1235449.00	4.50
1235897.00	4.19
1235932.00	4.18
1236311.00	4.38
1236457.00	4.63
1236766.00	4.40
1236954.00	4.52
1237187.00	4.70
1237540.00	4.37
1237639.00	4.19
1238069.00	4.32
1238174.00	4.18
1238523.00	4.05
1238695.00	4.41
1238922.00	4.74
1239221.00	4.72
1239372.00	4.42
1239798.00	4.24
1239800.00	4.36
1240256.00	4.20
1240344.00	4.31
1240602.00	5.06
1240849.00	5.22
1241053.00	4.50
1241356.00	4.50
1241491.00	4.56
1241925.00	4.32
1241947.00	4.23
1242396.00	4.27
1242485.00	4.31
1242849.00	4.29
1242983.00	4.52
1243252.00	4.81
1243513.00	4.68
1243708.00	4.37
1244075.00	4.25
1244085.00	4.75
1244537.00	4.28
1244615.00	4.36
1244934.00	4.68
1245104.00	4.89
1245390.00	4.54
1245588.00	4.57
1245792.00	4.88
1246144.00	4.59
1246245.00	4.29
1246692.00	4.32
1246698.00	4.32
1247150.00	4.28
1247181.00	4.56
1247554.00	4.86
1247691.00	4.74
1248006.00	4.47
1248243.00	4.32
1248396.00	4.68
1248785.00	4.72
1248852.00	4.32
1249253.00	4.63
1249294.00	4.71
1249709.00	4.77
1249744.00	4.73
1250139.00	5.06
1250260.00	4.66
1250593.00	4.31
1250774.00	4.45
1250989.00	4.79
1251233.00	5.04
1251438.00	4.72
1251707.00	4.64
1251890.00	4.63
1252259.00	4.31
1252342.00	4.31
1252728.00	4.71
1252785.00	4.80
1253174.00	4.44
1253226.00	4.83
1253636.00	5.02
1253665.00	4.80
1254114.00	5.01
1254189.00	4.33
1254510.00	4.64
1254774.00	4.54
1254953.00	4.25
1255200.00	4.93
1255360.00	5.15
1255534.00	5.85
1255807.00	5.61
1256088.00	4.32
1256214.00	4.57
1256618.00	4.65
1256652.00	4.46
1257064.00	5.01
1257505.00	4.84
1257545.00	4.65
1257934.00	4.71
1258099.00	4.42
1258371.00	4.39
1258547.00	4.85
1258775.00	5.04
1258988.00	5.07
1259212.00	4.88
1259422.00	4.93
1259613.00	5.14
1259973.00	4.61
1260042.00	4.44
1260453.00	4.54
1260481.00	4.71
1260885.00	4.59
1260939.00	4.81
1261308.00	4.87
1261368.00	5.03
1261737.00	5.00
1261921.00	4.44
1262158.00	4.48
1262449.00	4.57
1262588.00	4.52
1262924.00	4.75
1262965.00	5.10
1263390.00	5.14
1263391.00	4.82
1263785.00	5.03
1263944.00	4.65
1264214.00	4.43
1264445.00	4.63
1264615.00	4.82
1264927.00	4.90
1265041.00	4.74
1265421.00	4.68
1265447.00	4.81
1265875.00	4.67
1265977.00	4.43
1266250.00	4.78
1266472.00	5.02
1266673.00	4.71
1266960.00	4.73
1267074.00	4.87
1267455.00	4.84
1267501.00	4.68
1267825.00	5.47
1268009.00	5.24
1268246.00	4.48
1268570.00	4.46
1268655.00	4.52
1269065.00	4.78
1269080.00	4.68
1269497.00	4.73
1269536.00	4.85
1269917.00	4.83
1270095.00	4.47
1270293.00	4.76
1270706.00	4.60
1270716.00	4.28
1271065.00	4.82
1271209.00	5.20
1271484.00	4.70
1271720.00	4.66
1271851.00	5.02
1272273.00	4.63
1272284.00	4.43
1272643.00	4.80
1272818.00	4.91
1273060.00	4.57
1273315.00	4.71
1273473.00	4.75
1273815.00	4.74
1273894.00	4.68
1274268.00	5.01
1274380.00	4.76
1274683.00	4.48
1274936.00	4.51
1275044.00	4.90
1275435.00	5.13
1275462.00	4.71
1275869.00	4.78
1275964.00	4.65
1276285.00	4.60
1276528.00	4.48
1276649.00	4.85
1277067.00	4.47
1277068.00	4.55
1277434.00	4.89
1277561.00	5.08
1277848.00	4.76
1278046.00	4.80
1278268.00	4.76
1278606.00	4.46
1278687.00	4.47
1279044.00	4.90
1279166.00	4.91
1279459.00	4.50
1279652.00	4.78
1279916.00	4.55
1280165.00	4.44
1280336.00	4.64
1280708.00	4.97
1280721.00	4.81
1281123.00	4.52
1281265.00	4.56
1281507.00	4.76
1281737.00	5.06
1281929.00	4.81
1282195.00	4.88
1282313.00	5.12
1282730.00	4.91
1282748.00	4.51
1283124.00	4.66
1283264.00	4.80
1283544.00	4.62
1283724.00	4.88
1283957.00	4.93
1284198.00	4.85
1284375.00	4.82
1284749.00	4.51
1284764.00	4.70
1285187.00	4.48
1285273.00	4.58
1285574.00	4.82
1285711.00	5.21
1285993.00	5.00
1286117.00	5.19
1286393.00	5.31
1286664.00	4.64
1286814.00	4.51
1287229.00	4.55
1287240.00	4.45
1287648.00	4.42
1287658.00	5.12
1287984.00	5.84
1288062.00	5.88
1288487.00	5.81
1288523.00	4.51
1288858.00	4.88
1289037.00	4.97
1289281.00	4.62
1289467.00	5.03
1289672.00	5.23
1289929.00	5.05
1290098.00	4.83
1290458.00	4.54
1290501.00	4.68
1290883.00	5.18
1290926.00	5.05
1291300.00	5.10
1291334.00	5.19
1291705.00	5.27
1291765.00	5.14
1292139.00	5.51
1292219.00	4.95
1292566.00	4.59
1292688.00	4.79
1292971.00	4.93
1293111.00	5.19
1293400.00	5.04
1293502.00	5.23
1293729.00	5.99
1294003.00	5.40
1294153.00	4.67
1294476.00	4.79
1294566.00	4.86
1294901.00	5.12
1294997.00	5.01
1295318.00	5.06
1295418.00	5.11
1295807.00	4.73
1295844.00	4.70
1296222.00	5.02
1296251.00	5.25
1296650.00	4.92
1296675.00	5.03
1297004.00	5.56
1297106.00	5.52
1297424.00	5.04
1297589.00	4.76
1297795.00	5.11
1298021.00	5.38
1298222.00	5.00
1298440.00	5.07
1298595.00	5.43
1298865.00	5.40
1299017.00	5.07
1299341.00	4.79
1299432.00	4.82
1299818.00	4.82
1299855.00	4.79
1300232.00	5.10
1300237.00	5.40
1300634.00	5.55
1300648.00	5.29
1301008.00	5.67
1301103.00	5.25
1301429.00	4.83
1301613.00	4.65
1301834.00	4.74
1302034.00	5.18
1302250.00	5.12
1302458.00	5.11
1302613.00	5.48
1302926.00	5.23
1303029.00	4.86
1303370.00	4.99
1303392.00	5.36
1303783.00	5.54
1303803.00	5.20
1304197.00	5.19
1304218.00	5.17
1304631.00	5.19
1304666.00	4.89
1304983.00	5.33
1305128.00	5.36
1305390.00	4.94
1305542.00	5.21
1305837.00	4.99
1305982.00	4.84
1306248.00	5.04
1306454.00	4.88
1306609.00	5.24
1306906.00	5.34
1307012.00	5.03
1307320.00	5.24
1307385.00	5.46
1307729.00	5.48
1307792.00	5.25
1308163.00	5.50
1308203.00	5.15
1308565.00	4.92
1308680.00	4.91
1308941.00	5.09
1309095.00	5.43
1309345.00	5.23
1309537.00	5.07
1309739.00	5.15
1310017.00	4.96
1310137.00	4.93
1310493.00	4.94
1310508.00	5.14
1310905.00	5.49
1310907.00	5.28
1311273.00	5.53
1311307.00	5.60
1311668.00	5.38
1311796.00	4.90
1312046.00	5.02
1312256.00	5.17
1312443.00	5.04
1312666.00	5.32
1312831.00	5.37
1313094.00	5.27
1313223.00	5.23
1313593.00	4.87
1313609.00	4.93
1314004.00	4.86
1314068.00	4.97
1314349.00	5.36
1314472.00	5.76
1314740.00	5.40
1314847.00	5.60
1315101.00	5.82
1315353.00	5.08
1315495.00	4.84
1315861.00	5.04
1315892.00	4.91
1316249.00	4.75
1316287.00	5.48
1316594.00	6.24
1316622.00	6.35
1317013.00	6.22
1317106.00	4.83
1317355.00	5.23
1317599.00	5.31
1317743.00	4.94
1318012.00	5.36
1318110.00	5.52
1318460.00	5.32
1318500.00	5.14
1318799.00	5.99
1318976.00	5.67
1319183.00	4.87
1319390.00	5.38
1319560.00	5.43
1319798.00	5.46
1319952.00	5.35
1320198.00	5.41
1320335.00	5.47
1320706.00	4.90
1320723.00	4.87
1321069.00	5.20
1321171.00	5.40
1321463.00	5.03
1321590.00	5.28
1321784.00	5.88
1321981.00	6.07
1322172.00	5.50
1322481.00	4.91
1322514.00	5.29
1322908.00	4.87
1322956.00	4.98
1323253.00	5.35
1323384.00	5.60
1323643.00	5.25
1323801.00	5.31
1324032.00	5.32
1324295.00	4.92
1324427.00	4.89
1324745.00	5.10
1324779.00	5.41
1325173.00	5.23
1325514.00	5.66
1325609.00	5.60
1325914.00	5.13
1326099.00	4.87
1326301.00	4.95
1326537.00	5.21
1326698.00	5.14
1326963.00	5.21
1327049.00	5.57
1327396.00	5.53
1327452.00	5.12
1327806.00	5.50
1327879.00	5.24
1328207.00	4.89
1328363.00	4.89
1328614.00	4.85
1328789.00	5.15
1329021.00	5.15
1329192.00	5.30
1329370.00	5.73
1329669.00	5.31
1329776.00	4.88
1330185.00	4.71
1330224.00	4.47
1330611.00	4.91
1330637.00	5.11
1331001.00	5.46
1331040.00	5.44
1331411.00	5.11
1331513.00	4.88
1331790.00	5.09
1331962.00	5.21
1332205.00	4.97
1332378.00	5.16
1332586.00	5.39
1332796.00	5.38
1332997.00	5.17
1333267.00	4.88
1333384.00	5.05
1333731.00	5.08
1333800.00	4.88
1334146.00	5.16
1334207.00	5.22
1334585.00	5.08
1334618.00	5.05
1335002.00	5.24
1335053.00	5.08
1335416.00	4.88
1335504.00	4.97
1335795.00	5.20
1335914.00	5.42
1336205.00	5.22
1336319.00	5.27
1336597.00	5.39
1336786.00	5.04
1337008.00	4.90
1337254.00	4.88
1337410.00	4.95
1337662.00	5.30
1337818.00	5.26
1338094.00	5.11
1338219.00	5.16
1338560.00	4.97
1338629.00	4.91
1338986.00	5.29
1339023.00	5.31
1339392.00	4.95
1339423.00	5.32
1339767.00	5.54
1339811.00	5.62
1340176.00	5.39
1340283.00	4.89
1340556.00	5.08
1340726.00	5.24
1340959.00	5.08
1341120.00	5.38
1341346.00	5.50
1341529.00	5.39
1341752.00	5.24
1342006.00	4.88
1342106.00	5.27
1342462.00	5.38
1342506.00	5.03
1342846.00	5.47
1342885.00	5.61
1343203.00	5.83
1343290.00	5.66
1343595.00	6.53
1343685.00	5.74
1343991.00	4.92
1344198.00	4.79
1344378.00	4.86
1344574.00	5.62
1344778.00	5.53
1344864.00	6.36
1345170.00	6.41
1345350.00	4.94
1345567.00	4.91
1345817.00	5.00
1345918.00	5.35
1346209.00	5.78
1346318.00	5.40
1346633.00	5.21
1346645.00	5.82
1347037.00	5.26
1347121.00	4.93
1347381.00	5.30
1347515.00	5.82
1347777.00	5.43
1347903.00	5.48
1348123.00	5.85
1348283.00	5.90
1348515.00	5.55
1348768.00	4.95
1348901.00	4.99
1349211.00	5.19
1349296.00	5.13
1349613.00	5.38
1349645.00	5.73
1349988.00	5.92
1350032.00	5.62
1350370.00	6.02
1350470.00	5.39
1350762.00	4.96
1350929.00	5.08
1351139.00	5.19
1351344.00	5.43
1351527.00	5.34
1351749.00	5.40
1351866.00	5.80
1352231.00	5.38
1352255.00	4.98
1352595.00	5.38
1352669.00	5.60
1352978.00	5.24
1353089.00	5.35
1353367.00	5.31
1353518.00	5.24
1353755.00	5.26
1354001.00	4.98
1354084.00	5.46
1354434.00	5.72
1354468.00	5.28
1354857.00	5.33
1354888.00	5.08
1355274.00	5.31
1355287.00	5.28
1355613.00	5.65
1355768.00	5.37
1355993.00	5.04
1356252.00	5.04
1356344.00	5.27
1356679.00	5.57
1356729.00	5.30
1357080.00	5.57
1357082.00	5.72
1357460.00	5.48
1357563.00	5.05
1357817.00	5.23
1358083.00	5.06
1358201.00	4.86
1358512.00	5.30
1358575.00	5.37
1358944.00	5.34
1358954.00	5.30
1359309.00	5.50
1359421.00	5.26
1359692.00	5.05
1359874.00	5.17
1360043.00	5.42
1360295.00	5.61
1360422.00	5.38
1360716.00	5.38
1360786.00	5.49
1361167.00	5.35
1361191.00	5.06
1361542.00	5.12
1361660.00	5.15
1361921.00	5.10
1362077.00	5.39
1362295.00	5.44
1362520.00	5.29
1362678.00	5.22
1362991.00	5.07
1363014.00	5.46
1363394.00	5.09
1363443.00	5.19
1363747.00	5.40
1363854.00	5.64
1364132.00	5.39
1364258.00	5.43
1364493.00	5.63
1364726.00	5.26
1364873.00	5.10
1365191.00	5.11
1365242.00	5.21
1365599.00	5.54
1365627.00	5.41
1365965.00	5.80
1366027.00	5.67
1366350.00	5.29
1366490.00	5.10
1366713.00	5.26
1366947.00	5.29
1367102.00	5.10
1367342.00	5.48
1367396.00	6.36
1367723.00	6.45
1367780.00	5.60
1368156.00	5.64
1368187.00	5.15
1368546.00	5.06
1368623.00	5.22
1368927.00	5.27
1369007.00	5.59
1369315.00	5.54
1369406.00	5.44
1369662.00	5.78
1369869.00	5.41
1370054.00	5.05
1370313.00	5.15
1370376.00	5.74
1370685.00	6.21
1370762.00	5.66
1371027.00	5.90
1371105.00	6.24
1371491.00	5.43
1371496.00	5.05
1371839.00	5.43
1371983.00	5.30
1372228.00	4.94
1372342.00	5.74
1372613.00	5.76
1372620.00	6.63
1373007.00	6.58
1373081.00	5.05
1373355.00	5.41
1373523.00	5.50
1373741.00	5.19
1373894.00	5.67
1374078.00	6.07
1374292.00	5.87
1374469.00	5.43
1374751.00	5.08
1374847.00	5.17
1375119.00	5.74
1375235.00	5.67
1375481.00	5.73
1375574.00	6.13
1375833.00	6.19
1375965.00	5.78
1376281.00	5.14
1376306.00	5.55
1376692.00	5.39
1377060.00	5.69
1377082.00	5.66
1377402.00	5.87
1377469.00	5.90
1377801.00	6.35
1377840.00	5.67
1378185.00	5.23
1378256.00	5.36
1378607.00	5.11
1378629.00	5.41
1378997.00	5.67
1379337.00	6.08
1379428.00	5.64
1379720.00	5.28
1379821.00	5.52
1380074.00	5.75
1380197.00	5.87
1380459.00	5.63
1380579.00	5.59
1380813.00	5.84
1381009.00	5.52
1381194.00	5.31
1381393.00	5.59
1381552.00	5.77
1381770.00	5.83
1381937.00	5.63
1382149.00	5.62
1382310.00	5.70
1382576.00	5.39
1382691.00	5.33
1383005.00	5.32
1383044.00	5.53
1383385.00	5.85
1383425.00	5.64
1383744.00	5.79
1383775.00	6.04
1384151.00	5.84
1384170.00	5.38
1384511.00	5.49
1384634.00	5.28
1384890.00	5.14
1385018.00	5.62
1385259.00	5.68
1385406.00	5.66
1385634.00	5.62
1385836.00	5.34
1386003.00	5.39
1386246.00	5.52
1386380.00	5.46
1386626.00	5.65
1386710.00	6.07
1387009.00	6.06
1387084.00	5.67
1387428.00	5.92
1387444.00	5.58
1387805.00	5.30
1387876.00	5.33
1388156.00	5.54
1388261.00	5.83
1388528.00	5.67
1388670.00	5.51
1388884.00	5.63
1389111.00	5.44
1389259.00	5.29
1389535.00	5.40
1389586.00	5.81
1389923.00	6.04
1389957.00	5.65
1390308.00	5.85
1390681.00	5.65
1390753.00	5.26
1390965.00	6.17
1391201.00	6.16
1391334.00	5.30
1391594.00	5.64
1391693.00	5.71
1392009.00	5.56
1392066.00	5.46
1392431.00	5.51
1392462.00	5.29
1392800.00	5.27
1392911.00	5.29
1393129.00	5.65
1393301.00	6.01
1393501.00	5.63
1393680.00	5.71
1393806.00	6.36
1394143.00	5.84
1394174.00	5.23
1394496.00	5.63
1394578.00	5.78
1394867.00	5.35
1394965.00	5.65
1395192.00	6.07
1395369.00	5.96
1395560.00	5.55
1395841.00	5.18
1395924.00	5.22
1396292.00	5.32
1396295.00	5.27
1396623.00	5.64
1396674.00	6.07
1396989.00	5.72
1397027.00	5.95
1397307.00	6.40
1397504.00	5.61
1397678.00	5.14
1398012.00	5.00
1398034.00	5.11
1398383.00	5.89
1398401.00	5.81
1398671.00	6.62
1398723.00	7.03
1399092.00	6.61
1399153.00	5.12
1399415.00	5.54
1399613.00	5.64
1399781.00	5.25
1399999.00	5.71
1400151.00	5.68
1400416.00	5.48
1400519.00	5.48
1400835.00	5.96
1400896.00	5.62
1401200.00	5.16
1401282.00	5.71
1401604.00	5.43
1401662.00	5.47
1401974.00	5.71
1402034.00	5.78
1402300.00	6.17
1402504.00	5.56
1402667.00	5.19
1402936.00	5.40
1403006.00	5.64
1403325.00	5.92
1403376.00	5.66
1403688.00	5.86
1403717.00	6.11
1404083.00	5.88
1404152.00	5.23
1404430.00	5.41
1404592.00	5.53
1404802.00	5.32
1404989.00	5.58
1405166.00	5.64
1405377.00	5.70
1405535.00	5.67
1405835.00	5.25
1405879.00	5.46
1406252.00	5.44
1406593.00	5.71
1406649.00	5.85
1406962.00	5.61
1407054.00	5.55
1407316.00	5.67
1407509.00	5.39
1407687.00	5.23
1407915.00	5.52
1408052.00	5.58
1408311.00	5.64
1408422.00	5.61
1408713.00	5.57
1408786.00	5.60
1409159.00	5.54
1409163.00	5.26
1409486.00	5.67
1409614.00	5.66
1409856.00	5.27
1410011.00	5.59
1410200.00	5.81
1410387.00	5.96
1410574.00	5.71
1410834.00	5.26
1410922.00	5.47
1411295.00	5.27
1411320.00	5.09
1411650.00	5.22
1411718.00	5.70
1412025.00	5.55
1412120.00	5.53
1412351.00	5.95
1412565.00	5.68
1412724.00	5.29
1412990.00	5.40
1413076.00	5.58
1413381.00	5.78
1413452.00	5.59
1413735.00	6.52
1413775.00	6.50
1414105.00	5.62
1414221.00	5.31
1414467.00	5.37
1414660.00	5.39
1414842.00	5.29
1415053.00	5.58
1415210.00	5.64
1415469.00	5.49
1415581.00	5.46
1415913.00	5.81
1415914.00	5.64
1416288.00	5.27
1416342.00	5.37
1416595.00	5.99
1416731.00	6.24
1416966.00	5.65
1417117.00	5.68
1417292.00	6.07
1417562.00	5.69
1417666.00	5.26
1417993.00	5.68
1418010.00	5.67
1418363.00	5.29
1418399.00	5.64
1418729.00	5.67
1418813.00	5.52
1419103.00	5.46
1419260.00	5.25
1419435.00	5.62
1419705.00	5.63
1419804.00	5.32
1420091.00	5.69
1420123.00	6.13
1420465.00	6.21
1420495.00	5.75
1420854.00	5.84
1420922.00	5.32
1421223.00	5.25
1421352.00	5.40
1421547.00	5.80
1421734.00	6.12
1421916.00	5.71
1422132.00	5.59
1422240.00	6.00
1422596.00	5.61
1422606.00	5.23
1422977.00	5.20
1423040.00	5.31
1423345.00	5.34
1423415.00	5.78
1423659.00	6.26
1423763.00	6.48
1424024.00	6.01
1424230.00	5.23
1424425.00	4.96
1424729.00	4.82
1424795.00	5.04
1425095.00	5.82
1425118.00	6.24
1425378.00	7.11
1425480.00	6.76
1425817.00	6.99
1425852.00	5.45
1426182.00	5.19
1426303.00	5.31
1426519.00	5.57
1426684.00	6.00
1426880.00	5.78
1427095.00	5.58
1427221.00	5.76
1427567.00	5.42
1427585.00	5.22
1427940.00	5.29
1427951.00	5.81
1428303.00	5.75
1428325.00	5.82
1428640.00	6.04
1428692.00	6.10
1429002.00	5.88
1429159.00	5.26
1429333.00	5.53
1429587.00	5.74
1429693.00	5.49
1429974.00	5.75
1430036.00	5.89
1430336.00	6.09
1430397.00	5.94
1430748.00	6.02
1430798.00	5.37
1431106.00	5.31
1431238.00	5.43
1431458.00	5.48
1431634.00	5.74
1431817.00	5.68
1432022.00	5.74
1432132.00	6.16
1432481.00	5.74
1432488.00	5.35
1432819.00	5.58
1432898.00	5.81
1433179.00	5.54
1433297.00	5.67
1433514.00	5.89
1433702.00	5.83
1433871.00	5.65
1434158.00	5.36
1434214.00	5.48
1434567.00	5.76
1434573.00	5.60
1434887.00	6.04
1434964.00	6.11
1435245.00	5.69
1435366.00	5.66
1435582.00	5.85
1435816.00	5.56
1435946.00	5.33
1436220.00	6.29
1436267.00	6.28
1436576.00	5.38
1436664.00	5.71
1436925.00	5.78
1437039.00	5.93
1437288.00	5.81
1437485.00	5.35
1437643.00	5.41
1437966.00	5.24
1438003.00	5.21
1438325.00	5.55
1438360.00	6.03
1438689.00	5.65
1438758.00	5.63
1438988.00	6.27
1439198.00	6.02
1439349.00	5.40
1439617.00	5.52
1439668.00	5.91
1440003.00	6.13
1440033.00	5.71
1440355.00	6.10
1440391.00	6.09
1440719.00	5.70
1440829.00	5.39
1441080.00	5.41
1441261.00	5.45
1441449.00	5.38
1441645.00	5.69
1441777.00	6.06
1442052.00	5.91
1442142.00	5.57
1442461.00	5.99
1442488.00	5.81
1442832.00	5.35
1442905.00	5.46
1443191.00	5.55
1443285.00	5.81
1443560.00	5.74
1443658.00	5.78
1443884.00	6.18
1444089.00	5.80
1444257.00	5.36
1444520.00	5.36
1444583.00	5.77
1444898.00	6.12
1444953.00	5.74
1445296.00	5.60
1445327.00	5.56
1445701.00	5.56
1445725.00	5.35
1446021.00	5.85
1446150.00	5.88
1446391.00	5.41
1446517.00	5.81
1446801.00	5.54
1446873.00	5.64
1447179.00	5.85
1447305.00	5.32
1447508.00	5.73
1447710.00	5.88
1447880.00	5.52
1448071.00	5.86
1448225.00	6.07
1448442.00	5.98
1448601.00	5.74
1448876.00	5.32
1448947.00	5.57
1449292.00	5.68
1449318.00	5.45
1449640.00	5.97
1449670.00	6.13
1449963.00	6.36
1450045.00	6.17
1450399.00	5.31
1450413.00	5.37
1450786.00	5.33
1450862.00	5.18
1451133.00	5.40
1451198.00	6.27
1451461.00	7.16
1451508.00	6.94
1451851.00	7.19
1451899.00	5.56
1452222.00	5.34
1452319.00	5.44
1452576.00	5.58
1452671.00	6.07
1452950.00	5.91
1453052.00	5.69
1453314.00	5.77
1453490.00	5.40
1453684.00	5.34
1453847.00	5.89
1454049.00	5.93
1454194.00	6.03
1454421.00	5.97
1454537.00	5.99
1454747.00	6.41
1454974.00	5.75
1455115.00	5.36
1455374.00	5.58
1455456.00	5.82
1455736.00	6.10
1455828.00	5.84
1456074.00	6.06
1456175.00	6.27
1456508.00	5.56
1456542.00	5.39
1456895.00	5.50
1456922.00	5.62
1457266.00	5.48
1457294.00	5.77
1457588.00	6.21
1457661.00	6.24
1457955.00	5.84
1458095.00	5.40
1458302.00	5.56
1458489.00	5.80
1458672.00	5.62
1458868.00	5.73
1458952.00	6.64
1459255.00	6.58
1459315.00	5.72
1459672.00	5.77
1459690.00	5.46
1460040.00	5.38
1460081.00	5.66
1460401.00	5.71
1460463.00	5.78
1460765.00	5.76
1460848.00	5.73
1461091.00	6.07
1461284.00	5.75
1461459.00	5.38
1461722.00	5.36
1461759.00	6.02
1462108.00	6.34
1462122.00	5.72
1462440.00	6.14
1462475.00	6.29
1462806.00	5.85
1462911.00	5.38
1463127.00	5.80
1463386.00	5.60
1463489.00	5.22
1463778.00	5.71
1463848.00	5.72
1464174.00	5.69
1464214.00	5.63
1464538.00	6.01
1464615.00	5.73
1464899.00	5.40
1465033.00	5.54
1465212.00	5.99
1465423.00	6.17
1465576.00	5.70
1465815.00	5.68
1465927.00	5.78
1466259.00	5.45
1466288.00	5.38
1466606.00	5.79
1466700.00	5.81
1466967.00	5.40
1467093.00	5.70
1467284.00	6.12
1467510.00	5.96
1467642.00	5.55
1467959.00	5.37
1468005.00	5.34
1468366.00	5.36
1468388.00	5.46
1468675.00	5.97
1468781.00	6.20
1469032.00	5.73
1469169.00	5.76
1469428.00	5.47
1469619.00	5.10
1469792.00	5.34
1470069.00	5.33
1470109.00	5.76
1470461.00	6.11
1470469.00	5.72
1470800.00	5.97
1470877.00	5.81
1471163.00	5.52
1471327.00	5.33
1471497.00	5.59
1471773.00	5.61
1471855.00	5.39
1472157.00	5.78
1472195.00	5.94
1472531.00	6.02
1472560.00	5.81
1472916.00	5.89
1472985.00	5.37
1473278.00	5.31
1473410.00	5.48
1473615.00	5.70
1473788.00	6.01
1473982.00	5.75
1474181.00	5.64
1474317.00	5.92
1474638.00	5.55
1474679.00	5.31
1475026.00	5.44
1475074.00	5.54
1475392.00	5.39
1475441.00	5.86
1475749.00	5.93
1475780.00	6.17
1476114.00	6.10
1476237.00	5.27
1476473.00	5.32
1476723.00	5.19
1476839.00	5.13
1477077.00	5.94
1477162.00	6.34
1477352.00	7.22
1477527.00	6.83
1477809.00	5.28
1477866.00	5.49
1478236.00	5.24
1478247.00	5.34
1478581.00	5.55
1478616.00	6.01
1478947.00	5.84
1479012.00	5.63
1479301.00	5.73
1479467.00	5.38
1479671.00	5.26
1479834.00	5.83
1479994.00	6.24
1480194.00	6.29
1480363.00	5.89
1480546.00	5.95
1480711.00	6.12
1480993.00	5.47
1481083.00	5.27
1481365.00	6.21
1481404.00	6.42
1481731.00	5.55
1481771.00	5.84
1482088.00	5.90
1482115.00	6.10
1482460.00	6.00
1482553.00	5.33
1482823.00	5.40
1482971.00	5.52
1483190.00	5.48
1483346.00	5.77
1483517.00	6.13
1483714.00	6.19
1483889.00	5.81
1484148.00	5.35
1484192.00	6.00
1484542.00	6.26
1484557.00	5.66
1484879.00	6.05
1484919.00	6.17
1485248.00	5.76
1485304.00	5.68
1485571.00	6.09
1485735.00	5.81
1485935.00	5.44
1486121.00	5.72
1486298.00	5.73
1486498.00	5.81
1486666.00	5.77
1486879.00	5.74
1486991.00	6.10
1487307.00	5.79
1487355.00	5.45
1487670.00	5.89
1487737.00	5.87
1488036.00	5.41
1488116.00	5.75
1488392.00	5.83
1488475.00	5.99
1488754.00	5.94
1488902.00	5.47
1489075.00	5.86
1489366.00	5.66
1489440.00	5.23
1489749.00	5.73
1489759.00	6.16
1490120.00	5.77
1490136.00	5.74
1490486.00	5.70
1490564.00	5.43
1490851.00	5.44
1490971.00	5.57
1491162.00	6.08
1491350.00	6.27
1491522.00	5.80
1491730.00	5.80
1491919.00	5.53
1492163.00	5.18
1492284.00	5.42
1492590.00	5.45
1492603.00	5.87
1492963.00	5.49
1492971.00	5.79
1493296.00	6.02
1493376.00	5.87
1493657.00	5.62
1493812.00	5.42
1493990.00	5.67
1494229.00	5.78
1494348.00	5.57
1494612.00	5.80
1494685.00	5.98
1494989.00	6.01
1495046.00	5.80
1495399.00	5.88
1495427.00	5.49
1495755.00	5.46
1495867.00	5.44
1496089.00	5.64
1496252.00	6.01
1496448.00	5.77
1496657.00	5.63
1496778.00	5.90
1497100.00	5.67
1497133.00	5.44
1497474.00	5.56
1497536.00	5.60
1497831.00	5.45
1497914.00	5.82
1498180.00	5.90
1498284.00	5.97
1498535.00	5.92
1498730.00	5.42
1498884.00	5.47
1499152.00	5.61
1499242.00	5.54
1499525.00	5.87
1499554.00	6.30
1499908.00	5.91
1499914.00	5.79
1500236.00	6.02
1500368.00	5.62
1500595.00	5.36
1500802.00	5.46
1500927.00	5.69
1501167.00	6.16
1501283.00	5.94
1501505.00	6.18
1501623.00	6.33
1501961.00	5.51
1501981.00	5.34
1502293.00	5.79
1502449.00	5.64
1502649.00	5.19
1502803.00	6.03
1502985.00	6.22
1503077.00	7.10
1503345.00	6.89
1503538.00	5.31
1503617.00	6.25
1503973.00	5.34
1503978.00	5.45
1504318.00	5.53
1504347.00	6.01
1504678.00	5.89
1504745.00	5.67
1505031.00	5.72
1505203.00	5.38
1505387.00	5.35
1505573.00	5.90
1505707.00	6.25
1505935.00	6.32
1506068.00	5.93
1506289.00	5.99
1506364.00	6.64
1506721.00	6.03
1506739.00	5.39
1507034.00	5.81
1507151.00	6.03
1507394.00	5.57
1507522.00	5.87
1507711.00	6.28
1507867.00	6.49
1508068.00	6.10
1508308.00	5.43
1508423.00	5.45
1508729.00	5.57
1508786.00	5.50
1509106.00	6.19
1509464.00	5.84
1509474.00	5.92
1509775.00	6.36
1509910.00	5.90
1510136.00	5.42
1510305.00	5.69
1510486.00	5.78
1510683.00	5.90
1510847.00	5.82
1511068.00	5.76
1511162.00	6.17
1511499.00	5.88
1511525.00	5.45
1511841.00	5.87
1511884.00	6.16
1512202.00	5.76
1512262.00	5.82
1512566.00	5.79
1512641.00	5.78
1512930.00	5.78
1513067.00	5.46
1513240.00	5.96
1513496.00	5.95
1513600.00	5.48
1513872.00	5.82
1513999.00	5.53
1514228.00	5.68
1514365.00	5.93
1514651.00	5.46
1514687.00	5.87
1515048.00	5.50
1515109.00	5.30
1515382.00	5.54
1515487.00	6.04
1515747.00	5.77
1515868.00	5.75
1516082.00	6.02
1516288.00	5.75
1516443.00	5.50
1516688.00	5.64
1516783.00	5.84
1517060.00	6.05
1517148.00	5.83
1517432.00	5.82
1517502.00	5.90
1517854.00	5.56
1517864.00	5.50
1518200.00	5.72
1518271.00	5.75
1518563.00	5.52
1518643.00	5.84
1518895.00	6.11
1519035.00	5.95
1519253.00	5.72
1519457.00	5.54
1519598.00	5.66
1519862.00	5.76
1519957.00	5.63
1520230.00	5.88
1520310.00	5.95
1520594.00	5.98
1520667.00	5.94
1521017.00	5.54
1521019.00	5.58
1521379.00	5.52
1521440.00	5.52
1521694.00	5.94
1521809.00	6.31
1522049.00	5.91
1522199.00	5.75
1522380.00	5.99
1522624.00	5.77
1522741.00	5.49
1523044.00	5.52
1523076.00	5.75
1523410.00	6.13
1523433.00	5.94
1523765.00	6.03
1523776.00	6.16
1524133.00	6.02
1524196.00	5.47
1524447.00	5.89
1524604.00	6.04
1524803.00	5.65
1524965.00	5.98
1525140.00	6.15
1525341.00	6.04
1525498.00	5.85
1525771.00	6.79
1525782.00	6.37
1526124.00	5.46
1526202.00	5.57
1526470.00	5.65
1526557.00	6.13
1526827.00	6.03
1526886.00	6.26
1527178.00	6.31
1527332.00	5.45
1527532.00	5.43
1527806.00	5.28
1527849.00	5.65
1528153.00	6.48
1528206.00	6.10
1528422.00	6.98
1528500.00	7.62
1528853.00	7.02
1528872.00	5.42
1529164.00	5.82
1529305.00	5.92
1529520.00	5.50
1529667.00	5.98
1529832.00	6.40
1530061.00	6.16
1530185.00	5.77
1530513.00	5.41
1530534.00	5.44
1530878.00	5.99
1530890.00	5.93
1531205.00	6.33
1531239.00	6.37
1531557.00	6.02
1531591.00	6.08
1531862.00	6.56
1532040.00	5.91
1532218.00	5.41
1532452.00	5.62
1532561.00	5.72
1532823.00	6.00
1532913.00	5.93
1533171.00	6.13
1533222.00	6.55
1533575.00	6.12
1533616.00	5.44
1533885.00	5.87
1534040.00	5.99
1534235.00	5.59
1534425.00	5.85
1534588.00	5.82
1534800.00	5.89
1534941.00	5.89
1535243.00	6.41
1535244.00	5.96
1535592.00	5.47
1535649.00	5.71
1535978.00	5.43
1536036.00	5.55
1536331.00	5.81
1536432.00	5.75
1536641.00	6.16
1536878.00	5.86
1536989.00	5.48
1537275.00	5.78
1537311.00	6.03
1537662.00	5.75
1537666.00	5.79
1537985.00	6.05
1538060.00	6.04
1538332.00	5.81
1538503.00	5.51
1538659.00	5.70
1538947.00	5.68
1539009.00	5.47
1539339.00	5.79
1539352.00	5.86
1539699.00	5.82
1539710.00	5.97
1540022.00	6.20
1540150.00	5.75
1540372.00	5.49
1540628.00	5.30
1540692.00	5.59
1541021.00	6.07
1541037.00	5.83
1541369.00	5.95
1541417.00	5.93
1541718.00	5.77
1541856.00	5.51
1542056.00	5.61
1542272.00	5.74
1542404.00	5.66
1542658.00	5.86
1542745.00	5.91
1543045.00	5.91
1543093.00	5.86
1543398.00	6.27
1543483.00	5.95
1543744.00	5.55
1543913.00	5.59
1544064.00	5.83
1544298.00	6.14
1544414.00	5.85
1544705.00	5.68
1544740.00	5.91
1545086.00	5.72
1545141.00	5.55
1545419.00	5.67
1545558.00	5.78
1545769.00	5.63
1545939.00	5.88
1546075.00	6.32
1546313.00	6.36
1546422.00	5.95
1546746.00	5.57
1546751.00	5.73
1547102.00	5.53
1547180.00	5.51
1547368.00	6.49
1547558.00	6.87
1547714.00	5.94
1547956.00	5.79
1548054.00	5.84
1548390.00	5.62
1548402.00	5.55
1548748.00	5.57
1548816.00	5.60
1549094.00	5.60
1549185.00	6.00
1549405.00	6.36
1549544.00	6.44
1549755.00	6.04
1549980.00	5.52
1550043.00	6.18
1550388.00	5.56
1550390.00	5.70
1550695.00	6.11
1550752.00	6.46
1551046.00	6.02
1551129.00	5.90
1551352.00	6.34
1551569.00	5.93
1551699.00	5.53
1551988.00	5.66
1552045.00	5.65
1552340.00	6.13
1552396.00	6.09
1552667.00	6.32
1552706.00	6.72
1553055.00	6.34
1553107.00	5.51
1553356.00	6.00
1553578.00	5.84
1553706.00	5.33
1553918.00	6.22
1554045.00	6.33
1554184.00	7.21
1554393.00	7.12
1554627.00	5.49
1554700.00	5.91
1555049.00	5.48
1555051.00	5.59
1555356.00	6.01
1555407.00	6.50
1555703.00	6.10
1555792.00	5.88
1556055.00	5.83
1556234.00	5.46
1556407.00	5.46
1556592.00	6.04
1556706.00	6.58
1556944.00	6.63
1557053.00	6.14
1557288.00	6.20
1557437.00	5.90
1557725.00	5.25
1557789.00	5.50
1558098.00	5.93
1558126.00	6.14
1558448.00	5.72
1558488.00	6.03
1558769.00	6.30
1558827.00	6.50
1559121.00	6.20
1559260.00	5.51
1559444.00	5.78
1559673.00	5.91
1559792.00	5.68
1560046.00	5.97
1560120.00	6.15
1560411.00	6.21
1560472.00	5.98
1560814.00	6.06
1560841.00	5.61
1561163.00	5.55
1561235.00	5.79
1561489.00	6.02
1561611.00	6.15
1561840.00	5.91
1561994.00	5.85
1562160.00	6.13
1562426.00	5.82
1562506.00	5.58
1562811.00	5.88
1562840.00	6.00
1563188.00	5.86
1563190.00	5.91
1563530.00	5.97
1563570.00	5.96
1563878.00	5.90
1563999.00	5.57
1564220.00	5.64
1564432.00	5.61
1564567.00	5.56
1564812.00	5.91
1564875.00	6.31
1565171.00	6.47
1565219.00	6.09
1565541.00	6.32
1565599.00	5.84
1565892.00	5.56
1566063.00	5.36
1566217.00	5.60
1566445.00	6.10
1566563.00	5.89
1566833.00	5.85
1566896.00	5.98
1567247.00	5.83
1567260.00	5.57
1567551.00	6.02
1567665.00	6.15
1567898.00	5.73
1568043.00	5.93
1568227.00	6.08
1568420.00	6.09
1568577.00	5.90
1568843.00	6.87
1568849.00	6.53
1569189.00	5.61
1569271.00	5.64
1569526.00	5.72
1569648.00	6.02
1569876.00	5.90
1570047.00	5.74
1570219.00	5.82
1570475.00	5.63
1570566.00	5.58
1570876.00	5.96
1570885.00	6.07
1571227.00	5.66
1571261.00	5.91
1571515.00	6.57
1571628.00	6.63
1571862.00	6.01
1572055.00	5.60
1572166.00	6.02
1572482.00	6.02
1572516.00	5.57
1572822.00	6.01
1572856.00	6.36
1573169.00	5.95
1573248.00	5.82
1573514.00	5.84
1573675.00	5.61
1573864.00	5.57
1574097.00	5.60
1574174.00	6.00
1574461.00	6.39
1574522.00	6.02
1574815.00	6.11
1574822.00	6.60
1575173.00	6.08
1575245.00	5.54
1575512.00	5.66
1575649.00	5.83
1575860.00	5.74
1576006.00	6.08
1576167.00	6.50
1576378.00	6.39
1576517.00	5.95
1576810.00	5.53
1576824.00	5.95
1577171.00	5.56
1577223.00	5.68
1577524.00	5.63
1577570.00	6.13
1577877.00	6.13
1577890.00	6.37
1578176.00	6.92
1578323.00	6.06
1578525.00	5.54
1578784.00	5.40
1578912.00	5.10
1579116.00	6.00
1579267.00	6.23
1579378.00	7.10
1579578.00	7.53
1579809.00	5.93
1579929.00	5.54
1580224.00	5.63
1580254.00	5.89
1580572.00	6.38
1580609.00	6.09
1580935.00	6.36
1580947.00	6.14
1581285.00	5.92
1581378.00	5.54
1581619.00	5.70
1581726.00	6.29
1581974.00	6.09
1582067.00	6.16
1582322.00	6.23
1582401.00	6.30
1582676.00	6.25
1582824.00	5.57
1583005.00	5.78
1583212.00	6.01
1583362.00	5.77
1583561.00	6.07
1583689.00	6.35
1583886.00	6.58
1584041.00	6.35
1584302.00	5.63
1584379.00	5.75
1584698.00	5.88
1584734.00	5.72
1585055.00	6.02
1585082.00	6.09
1585403.00	6.16
1585435.00	6.12
1585782.00	6.16
1585814.00	5.68
1586136.00	5.64
1586190.00	5.88
1586447.00	6.29
1586549.00	6.44
1586800.00	6.03
1586913.00	5.99
1587126.00	6.25
1587323.00	5.91
1587482.00	5.62
1587690.00	5.93
1587813.00	6.15
1588049.00	6.22
1588165.00	6.03
1588411.00	6.01
1588503.00	6.14
1588818.00	5.79
1588857.00	5.65
1589166.00	6.09
1589229.00	6.07
1589518.00	5.65
1589590.00	6.02
1589851.00	6.20
1589931.00	6.36
1590206.00	6.15
1590337.00	5.65
1590474.00	6.63
1590779.00	6.42
1590824.00	5.49
1591145.00	5.99
1591166.00	6.07
1591513.00	6.04
1591520.00	5.94
1591866.00	5.99
1591921.00	5.72
1592218.00	5.67
1592310.00	5.80
1592530.00	6.19
1592670.00	6.40
1592885.00	5.99
1593032.00	5.98
1593174.00	6.68
1593444.00	6.32
1593524.00	5.67
1593830.00	6.10
1593850.00	6.14
1594183.00	5.68
1594214.00	5.98
1594492.00	6.43
1594600.00	6.25
1594841.00	5.85
1595013.00	5.67
1595186.00	5.70
1595412.00	5.79
1595539.00	5.72
1595777.00	5.97
1595850.00	6.38
1596136.00	6.44
1596200.00	6.06
1596501.00	6.55
1596554.00	6.11
1596852.00	5.61
1596973.00	5.61
1597191.00	5.72
1597341.00	6.08
1597539.00	6.00
1597729.00	5.84
1597845.00	6.26
1598150.00	6.04
1598195.00	5.61
1598501.00	6.03
1598569.00	6.05
1598847.00	5.67
1598932.00	6.05
1599197.00	6.01
1599284.00	6.11
1599547.00	6.12
1599714.00	5.55
1599845.00	6.08
1600118.00	6.24
1600190.00	5.76
1600478.00	6.09
1600572.00	5.79
1600853.00	5.66
1600922.00	5.92
1601228.00	6.37
1601290.00	5.96
1601573.00	5.56
1601708.00	5.67
1601892.00	5.93
1602061.00	6.40
1602239.00	6.12
1602389.00	6.35
1602559.00	6.62
1602833.00	5.77
1602901.00	5.54
1603227.00	5.71
1603305.00	5.56
1603574.00	5.36
1603650.00	6.20
1603912.00	6.28
1603917.00	7.18
1604256.00	7.13
1604366.00	5.51
1604576.00	5.73
1604795.00	5.83
1604922.00	5.59
1605155.00	6.07
1605238.00	6.36
1605543.00	6.16
1605580.00	5.91
1605909.00	6.03
1605991.00	5.66
1606253.00	5.50
1606354.00	6.06
1606589.00	6.14
1606708.00	6.21
1606932.00	6.15
1607053.00	6.23
1607269.00	6.28
1607494.00	5.61
1607614.00	5.54
1607899.00	5.76
1607916.00	6.20
1608258.00	5.79
1608262.00	6.09
1608576.00	6.31
1608601.00	6.52
1608923.00	6.25
1609035.00	5.57
1609246.00	5.79
1609447.00	5.92
1609589.00	5.72
1609816.00	6.02
1609919.00	6.15
1610179.00	6.20
1610267.00	6.03
1610570.00	6.49
1610607.00	6.04
1610916.00	5.61
1610995.00	5.86
1611243.00	6.04
1611367.00	6.16
1611592.00	5.96
1611745.00	5.89
1611857.00	6.88
1612169.00	6.59
1612201.00	5.64
1612539.00	5.70
1612548.00	5.99
1612887.00	5.90
1612920.00	5.96
1613233.00	5.98
1613293.00	5.97
1613579.00	5.97
1613713.00	5.65
1613891.00	6.00
1614133.00	5.99
1614242.00	5.60
1614505.00	5.94
1614530.00	6.59
1614855.00	6.77
1614877.00	6.16
1615182.00	6.58
1615272.00	6.10
1615534.00	5.63
1615722.00	5.43
1615841.00	5.86
1616094.00	6.35
1616188.00	5.96
1616470.00	5.93
1616535.00	5.94
1616885.00	5.66
1617196.00	6.02
1617278.00	6.15
1617543.00	5.80
1617644.00	6.01
1617845.00	6.47
1618010.00	6.47
1618195.00	5.99
1618426.00	5.64
1618534.00	5.74
1618834.00	5.78
1618881.00	5.71
1619186.00	6.14
1619200.00	6.44
1619535.00	5.99
1619586.00	5.84
1619841.00	6.27
1620000.00	6.09
1620186.00	5.70
1620398.00	5.81
1620536.00	5.76
1620759.00	6.03
1620887.00	6.03
1621115.00	6.08
1621183.00	6.64
1621529.00	5.68
1621911.00	5.38
1621941.00	5.40
1622262.00	5.65
1622302.00	6.03
1622569.00	6.47
1622683.00	6.31
1622915.00	5.90
1623096.00	5.68
1623234.00	5.96
1623506.00	5.99
1623582.00	5.70
1623860.00	6.11
1623901.00	6.39
1624203.00	6.47
1624246.00	6.23
1624570.00	6.42
1624622.00	5.87
1624919.00	5.63
1625014.00	5.81
1625257.00	5.91
1625362.00	6.25
1625602.00	6.19
1625725.00	6.07
1625923.00	6.29
1626146.00	5.88
1626269.00	5.65
1626549.00	5.76
1626585.00	6.04
1626890.00	6.52
1626927.00	6.27
1627204.00	6.54
1627256.00	6.68
1627601.00	6.52
1627630.00	5.63
1627938.00	5.69
1628083.00	5.54
1628280.00	5.49
1628410.00	6.40
1628616.00	6.46
1628668.00	7.34
1628961.00	7.26
1629095.00	5.61
1629263.00	6.05
1629507.00	6.15
1629603.00	5.77
1629851.00	6.26
1629920.00	6.49
1630222.00	6.28
1630264.00	6.00
1630585.00	6.24
1630650.00	5.84
1630925.00	5.64
1630997.00	6.24
1631252.00	6.37
1631337.00	6.43
1631597.00	6.25
1631669.00	6.32
1631897.00	6.79
1632092.00	6.11
1632238.00	5.69
1632481.00	5.90
1632561.00	6.06
1632830.00	6.39
1632905.00	6.20
1633157.00	6.41
1633166.00	7.39
1633505.00	6.45
1633575.00	5.72
1633836.00	5.79
1633974.00	5.92
1634178.00	5.82
1634334.00	6.11
1634516.00	6.15
1634686.00	6.22
1634856.00	6.20
1635103.00	5.72
1635161.00	6.09
1635482.00	6.34
1635504.00	5.94
1635788.00	6.60
1635845.00	6.73
1636126.00	6.13
1636215.00	6.08
1636425.00	6.48
1636632.00	6.15
1636769.00	5.68
1637004.00	5.99
1637070.00	6.44
1637369.00	6.50
1637409.00	6.10
1637737.00	6.07
1637749.00	6.06
1638093.00	6.02
1638151.00	5.70
1638398.00	6.11
1638569.00	6.09
1638739.00	5.70
1638936.00	6.07
1639035.00	6.54
1639283.00	6.70
1639379.00	6.20
1639695.00	5.71
1639712.00	5.83
1640055.00	5.73
1640144.00	5.52
1640356.00	5.95
1640513.00	6.45
1640699.00	6.01
1640886.00	5.98
1641002.00	6.41
1641299.00	6.13
1641342.00	5.75
1641689.00	5.69
1641691.00	5.81
1642035.00	5.83
1642056.00	6.04
1642329.00	6.58
1642420.00	6.59
1642671.00	6.08
1642835.00	5.72
1643050.00	5.42
1643243.00	5.46
1643396.00	5.72
1643608.00	6.03
1643701.00	6.46
1643995.00	6.29
1644044.00	5.90
1644361.00	6.14
1644409.00	5.95
1644707.00	5.69
1644808.00	5.80
1645025.00	6.05
1645172.00	6.30
1645366.00	6.08
1645529.00	6.13
1645690.00	6.30
1645944.00	5.89
1646037.00	5.68
1646360.00	5.67
1646376.00	5.73
1646717.00	5.71
1646723.00	6.09
1647038.00	6.31
1647107.00	6.14
1647384.00	5.88
1647523.00	5.67
1647700.00	5.96
1647936.00	5.98
1648041.00	5.73
1648295.00	6.13
1648370.00	6.26
1648640.00	6.37
1648714.00	6.22
1649050.00	6.30
1649061.00	5.75
1649394.00	5.65
1649458.00	5.80
1649730.00	5.89
1649808.00	6.25
1650074.00	6.17
1650175.00	6.04
1650376.00	6.48
1650600.00	6.08
1650717.00	5.67
1651007.00	5.79
1651034.00	6.01
1651349.00	6.49
1651380.00	6.23
1651665.00	6.49
1651702.00	6.72
1652045.00	6.52
1652094.00	5.63
1652374.00	5.77
1652551.00	5.61
1652720.00	5.43
1652880.00	6.34
1653020.00	6.83
1653139.00	7.72
1653364.00	7.27
1653568.00	5.61
1653690.00	5.78
1653981.00	5.88
1654035.00	5.69
1654296.00	6.70
1654326.00	7.22
1654638.00	6.24
1654700.00	6.00
1654973.00	6.06
1655131.00	5.69
1655318.00	5.60
1655478.00	6.20
1655658.00	6.25
1655819.00	6.31
1656000.00	6.27
1656152.00	6.34
1656306.00	6.72
1656576.00	6.03
1656652.00	5.63
1656938.00	6.29
1656966.00	6.50
1657278.00	5.90
1657316.00	6.23
1657579.00	6.63
1657642.00	6.83
1657925.00	6.36
1658060.00	5.65
1658226.00	6.12
1658459.00	6.24
1658567.00	5.83
1658820.00	6.12
1658908.00	6.12
1659171.00	6.20
1659252.00	6.16
1659557.00	6.56
1659586.00	6.10
1659900.00	5.72
1659965.00	5.95
1660196.00	6.42
1660327.00	6.56
1660540.00	6.08
1660696.00	6.02
1660873.00	6.11
1661112.00	5.78
1661215.00	5.72
1661484.00	6.02
1661515.00	6.45
1661848.00	6.51
1661858.00	6.06
1662160.00	6.49
1662216.00	6.46
1662499.00	6.08
1662629.00	5.76
1662845.00	5.70
1663047.00	5.67
1663189.00	5.68
1663413.00	6.03
1663481.00	6.59
1663762.00	6.75
1663822.00	6.23
1664175.00	5.74
1664199.00	5.44
1664544.00	5.70
1664623.00	5.49
1664845.00	5.95
1664993.00	6.45
1665188.00	6.02
1665368.00	5.99
1665504.00	6.26
1665782.00	5.99
1665846.00	5.72
1666162.00	5.98
1666175.00	6.11
1666503.00	5.86
1666540.00	6.07
1666824.00	6.28
1666908.00	6.27
1667168.00	6.02
1667323.00	5.69
1667505.00	5.76
1667733.00	5.79
1667845.00	5.76
1668100.00	6.07
1668163.00	6.30
1668487.00	6.15
1668507.00	5.88
1668821.00	6.18
1668904.00	5.99
1669159.00	5.75
1669302.00	5.87
1669486.00	5.96
1669667.00	6.20
1669827.00	6.07
1670025.00	6.13
1670160.00	6.22
1670441.00	5.80
1670502.00	5.72
1670836.00	5.77
1670857.00	5.77
1671177.00	5.72
1671221.00	6.09
1671476.00	6.54
1671605.00	6.38
1671816.00	5.95
1672022.00	5.73
1672129.00	6.00
1672435.00	6.03
1672471.00	5.73
1672791.00	6.35
1673129.00	6.18
1673138.00	6.27
1673454.00	6.39
1673559.00	5.84
1673797.00	5.67
1673954.00	5.84
1674096.00	6.31
1674307.00	6.64
1674434.00	6.21
1674672.00	6.11
1674757.00	6.26
1675097.00	5.84
1675099.00	5.66
1675357.00	6.66
1675503.00	6.77
1675695.00	5.81
1675846.00	6.30
1676027.00	6.37
1676162.00	6.64
1676366.00	6.55
1676590.00	5.66
1676702.00	5.71
1677042.00	5.67
1677045.00	5.51
1677342.00	5.93
1677375.00	6.83
1677633.00	7.75
1677683.00	7.31
1677966.00	7.95
1678062.00	6.28
1678302.00	5.68
1678474.00	5.79
1678599.00	6.22
1678819.00	6.72
1678941.00	6.23
1679191.00	6.00
1679239.00	6.47
1679576.00	6.07
1679620.00	5.68
1679912.00	5.69
1679966.00	6.30
1680254.00	6.25
1680304.00	6.31
1680553.00	6.75
1680635.00	6.81
1680891.00	6.40
1681055.00	5.73
1681184.00	6.21
1681441.00	6.43
1681525.00	5.92
1681786.00	6.25
1681853.00	6.37
1682110.00	6.58
1682193.00	6.47
1682488.00	6.95
1682524.00	6.21
1682827.00	5.74
1682919.00	5.87
1683126.00	6.31
1683272.00	6.63
1683463.00	6.21
1683619.00	6.26
1683803.00	6.25
1684030.00	5.77
1684142.00	5.76
1684404.00	6.01
1684433.00	6.54
1684759.00	6.69
1684767.00	6.22
1685123.00	6.16
1685140.00	5.81
1685481.00	6.09
1685533.00	5.77
1685777.00	6.24
1685897.00	6.55
1686112.00	6.13
1686256.00	6.18
1686425.00	6.42
1686615.00	6.42
1686763.00	6.14
1687020.00	5.80
1687074.00	6.10
1687410.00	5.83
1687429.00	5.81
1687727.00	6.01
1687788.00	6.38
1688064.00	6.17
1688128.00	6.34
1688396.00	6.39
1688531.00	5.89
1688732.00	5.86
1688969.00	5.64
1689043.00	5.88
1689331.00	6.39
1689382.00	6.13
1689692.00	6.41
1689696.00	6.40
1690025.00	6.17
1690099.00	5.89
1690345.00	6.00
1690484.00	6.11
1690683.00	5.94
1690840.00	6.19
1691009.00	6.30
1691197.00	6.28
1691345.00	6.18
1691603.00	5.83
1691675.00	5.89
1692002.00	5.93
1692011.00	5.87
1692304.00	6.34
1692360.00	6.65
1692639.00	6.19
1692739.00	6.02
1692948.00	6.29
1693145.00	6.10
1693284.00	5.83
1693537.00	5.94
1693600.00	6.14
1693892.00	6.41
1693934.00	6.21
1694243.00	6.25
1694252.00	6.43
1694590.00	6.22
1694651.00	5.80
1694883.00	6.29
1695059.00	6.28
1695215.00	5.85
1695417.00	6.23
1695531.00	6.40
1695795.00	6.24
1695870.00	6.01
1696124.00	7.06
1696204.00	6.84
1696454.00	5.85
1696611.00	5.87
1696780.00	5.92
1696963.00	6.33
1697116.00	6.23
1697303.00	6.33
1697444.00	6.41
1697719.00	5.84
1697777.00	5.80
1698076.00	6.16
1698111.00	6.32
1698409.00	5.96
1698458.00	6.30
1698686.00	6.95
1698819.00	6.83
1699019.00	6.18
1699240.00	5.77
1699309.00	6.24
1699643.00	6.36
1699645.00	5.86
1699939.00	6.29
1699982.00	6.79
1700270.00	6.40
1700296.00	6.67
1700599.00	6.68
1700721.00	5.78
1700936.00	5.70
1701174.00	5.55
1701233.00	5.99
1701501.00	6.89
1701563.00	6.53
1701758.00	7.41
1701851.00	7.86
1702185.00	6.21
1702188.00	5.70
1702510.00	5.83
1702593.00	5.95
1702842.00	5.85
1702937.00	6.34
1703136.00	6.76
1703307.00	6.55
1703469.00	6.13
1703734.00	5.73
1703760.00	6.18
1704078.00	6.77
1704092.00	6.34
1704415.00	6.41
1704427.00	6.38
1704746.00	6.44
1704760.00	6.46
1705047.00	6.99
1705165.00	6.30
1705378.00	5.79
1705551.00	6.01
1705744.00	5.70
1705897.00	6.02
1706079.00	6.29
1706219.00	6.52
1706375.00	6.96
1706632.00	6.22
1706706.00	5.83
1707014.00	6.08
1707026.00	6.21
1707350.00	5.91
1707380.00	6.22
1707657.00	6.52
1707726.00	6.58
1707989.00	6.32
1708134.00	5.85
1708305.00	6.02
1708508.00	6.27
1708640.00	6.07
1708862.00	6.21
1708968.00	6.28
1709225.00	6.22
1709303.00	6.16
1709615.00	6.39
1709632.00	6.06
1709952.00	5.80
1709995.00	6.13
1710262.00	6.42
1710351.00	6.48
1710596.00	6.22
1710709.00	6.19
1710917.00	6.33
1711111.00	6.01
1711254.00	5.84
1711517.00	5.82
1711584.00	5.88
1711872.00	6.24
1711920.00	6.20
1712209.00	6.37
1712251.00	6.42
1712591.00	6.34
1712609.00	5.83
1712887.00	6.30
1713042.00	6.09
1713224.00	5.66
1713400.00	6.18
1713538.00	6.39
1713761.00	6.37
1713878.00	6.12
1714160.00	5.83
1714196.00	6.05
1714536.00	5.83
1714540.00	5.98
1714862.00	6.11
1714891.00	6.34
1715205.00	6.18
1715243.00	6.17
1715505.00	6.61
1715641.00	6.26
1715845.00	5.84
1716036.00	5.86
1716168.00	6.03
1716388.00	6.36
1716513.00	6.15
1716761.00	5.98
1716776.00	6.95
1717116.00	6.03
1717159.00	5.84
1717449.00	5.92
1717542.00	6.02
1717796.00	5.88
1717890.00	6.16
1718136.00	6.23
1718235.00	6.25
1718479.00	6.24
1718634.00	5.82
1718787.00	6.15
1719034.00	6.14
1719135.00	5.76
1719384.00	6.15
1719420.00	6.83
1719751.00	6.67
1719764.00	6.02
1720067.00	6.44
1720152.00	6.21
1720414.00	5.76
1720550.00	5.78
1720719.00	6.20
1720894.00	6.62
1721064.00	6.22
1721227.00	6.32
1721407.00	6.34
1721633.00	5.76
1721755.00	5.72
1722015.00	5.89
1722065.00	6.28
1722355.00	6.63
1722409.00	6.27
1722709.00	6.60
1723056.00	6.12
1723120.00	5.69
1723392.00	5.80
1723514.00	5.92
1723737.00	5.82
1723847.00	6.32
1724040.00	6.75
1724154.00	7.02
1724386.00	6.58
1724572.00	5.66
1724690.00	6.09
1725015.00	5.94
1725034.00	5.53
1725338.00	6.45
1725381.00	6.41
1725590.00	7.32
1725727.00	7.33
1726010.00	5.65
1726024.00	6.17
1726367.00	5.68
1726414.00	5.79
1726746.00	5.48
1726753.00	5.99
1727094.00	6.26
1727118.00	6.03
1727397.00	6.48
1727541.00	6.07
1727740.00	5.65
1727882.00	6.27
1728057.00	6.53
1728218.00	6.57
1728402.00	6.29
1728545.00	6.38
1728719.00	6.65
1728963.00	5.95
1729061.00	5.71
1729347.00	5.92
1729383.00	6.11
1729692.00	6.44
1729728.00	6.23
1730014.00	6.44
1730065.00	6.50
1730407.00	6.47
1730428.00	5.73
1730725.00	5.95
1730821.00	6.08
1731070.00	5.84
1731177.00	6.12
1731384.00	6.43
1731525.00	6.50
1731723.00	6.24
1731937.00	5.77
1732050.00	5.87
1732313.00	6.11
1732392.00	5.98
1732671.00	6.11
1732726.00	6.20
1733037.00	6.14
1733066.00	6.07
1733402.00	6.12
1733449.00	5.80
1733744.00	5.74
1733818.00	6.05
1734042.00	6.50
1734179.00	6.56
1734382.00	6.13
1734544.00	6.10
1734696.00	6.35
1734953.00	6.03
1735037.00	5.75
1735357.00	5.97
1735366.00	5.94
1735695.00	5.76
1735729.00	6.12
1736019.00	6.26
1736074.00	6.42
1736362.00	6.24
1736483.00	5.75
1736660.00	6.21
1736927.00	6.01
1736997.00	5.60
1737293.00	6.11
1737320.00	6.26
1737661.00	6.07
1737663.00	6.03
1737919.00	7.06
1738072.00	6.79
1738256.00	5.80
1738462.00	5.92
1738586.00	6.00
1738823.00	6.22
1738925.00	6.13
1739184.00	6.13
1739259.00	6.16
1739593.00	5.82
1739596.00	5.80
1739898.00	6.16
1739998.00	6.19
1740237.00	5.80
1740359.00	6.13
1740517.00	6.81
1740741.00	6.65
1740853.00	6.01
1741147.00	6.45
1741150.00	6.26
1741487.00	5.77
1741544.00	5.88
1741785.00	6.33
1741901.00	6.61
1742118.00	6.21
1742253.00	6.25
1742453.00	6.24
1742662.00	5.82
1742794.00	5.77
1743069.00	5.77
1743092.00	6.23
1743427.00	6.59
1743429.00	6.18
1743720.00	6.66
1743802.00	6.53
1744058.00	6.03
1744209.00	5.81
1744384.00	5.92
1744613.00	5.93
1744721.00	5.83
1744962.00	6.26
1745015.00	6.70
1745301.00	6.80
1745350.00	6.37
1745647.00	6.77
1745712.00	6.21
1745981.00	5.81
1746098.00	5.98
1746319.00	5.94
1746441.00	6.29
1746656.00	6.30
1746798.00	6.18
1746945.00	6.71
1747213.00	6.29
1747279.00	5.80
1747609.00	5.92
1747647.00	5.61
1747942.00	6.13
1747985.00	6.39
1748249.00	6.66
1748282.00	7.11
1748613.00	6.71
1748668.00	5.79
1748923.00	6.03
1749112.00	5.88
1749259.00	5.61
1749432.00	6.52
1749565.00	6.84
1749684.00	7.77
1749899.00	7.48
1750102.00	5.78
1750214.00	5.97
1750503.00	6.07
1750548.00	5.87
1750839.00	6.38
1750876.00	6.46
1751201.00	6.23
1751209.00	6.17
1751518.00	6.44
1751619.00	6.05
1751853.00	5.77
1751955.00	6.38
1752160.00	6.69
1752285.00	6.75
1752488.00	6.50
1752608.00	6.58
1752806.00	6.69
1753019.00	5.97
1753140.00	5.81
1753397.00	6.04
1753464.00	6.14
1753735.00	6.47
1753795.00	6.40
1754050.00	6.64
1754122.00	6.68
1754456.00	5.85
1754745.00	6.35
1754841.00	6.49
1755077.00	6.02
1755190.00	6.31
1755382.00	6.59
1755530.00	6.67
1755716.00	6.38
1755932.00	5.88
1756026.00	6.12
1756298.00	6.37
1756358.00	6.15
1756648.00	6.30
1756673.00	6.45
1757006.00	6.38
1757008.00	6.20
1757298.00	6.70
1757408.00	6.38
1757628.00	5.91
1757768.00	6.21
1757941.00	6.40
1758121.00	6.46
1758276.00	6.24
1758477.00	6.22
1758527.00	7.27
1758855.00	6.28
1758877.00	5.94
1759178.00	6.00
1759281.00	5.98
1759511.00	5.86
1759637.00	6.21
1759836.00	6.30
1759974.00	6.47
1760165.00	6.44
1760373.00	5.95
1760462.00	6.29
1760794.00	5.92
1760809.00	5.70
1761067.00	6.39
1761169.00	6.90
1761396.00	6.24
1761532.00	6.22
1761687.00	6.64
1761933.00	6.36
1762017.00	5.91
1762308.00	6.35
1762315.00	6.48
1762638.00	6.06
1762669.00	6.28
1762965.00	6.31
1763026.00	6.29
1763297.00	6.23
1763430.00	5.88
1763593.00	6.29
1763829.00	6.31
1763920.00	5.95
1764185.00	6.28
1764207.00	6.76
1764539.00	6.24
1764562.00	6.06
1764861.00	6.17
1764967.00	5.98
1765190.00	5.89
1765356.00	6.00
1765482.00	6.42
1765710.00	6.69
1765815.00	6.24
1766058.00	6.29
1766107.00	6.75
1766438.00	6.32
1766464.00	5.89
1766774.00	5.83
1766869.00	5.83
1767108.00	5.85
1767223.00	6.23
1767395.00	6.77
1767597.00	6.62
1767727.00	6.09
1768002.00	5.85
1768096.00	5.55
1768403.00	5.58
1768434.00	5.85
1768731.00	6.28
1768750.00	6.69
1769065.00	6.29
1769087.00	6.39
1769376.00	6.64
1769496.00	6.07
1769715.00	5.77
1769881.00	5.94
1770026.00	6.23
1770222.00	6.58
1770361.00	6.34
1770578.00	6.21
1770680.00	6.38
1770991.00	5.97
1771020.00	5.75
1771352.00	5.82
1771386.00	5.93
1771690.00	5.88
1771720.00	6.38
1772007.00	6.59
1772026.00	6.88
1772347.00	6.66
1772443.00	5.73
1772660.00	6.00
1772887.00	5.85
1772997.00	5.60
1773207.00	6.52
1773322.00	6.64
1773458.00	7.56
1773663.00	7.42
1773876.00	5.71
1773994.00	5.80
1774279.00	5.90
1774333.00	5.82
1774615.00	6.35
1774666.00	6.40
1774978.00	6.17
1775007.00	6.10
1775305.00	6.54
1775396.00	6.16
1775643.00	5.74
1775734.00	6.35
1775957.00	6.59
1776064.00	6.67
1776299.00	6.40
1776387.00	6.46
1776617.00	6.68
1776799.00	5.97
1776956.00	5.76
1777178.00	5.99
1777281.00	6.13
1777516.00	6.47
1777624.00	6.30
1777833.00	6.51
1777923.00	6.97
1778238.00	6.22
1778261.00	5.81
1778584.00	5.96
1778625.00	6.09
1778926.00	5.90
1778974.00	6.21
1779185.00	7.23
1779314.00	7.29
1779524.00	6.31
1779716.00	5.83
1779854.00	5.91
1780084.00	6.16
1780197.00	6.03
1780434.00	6.18
1780533.00	6.25
1780792.00	6.19
1780872.00	6.16
1781177.00	6.51
1781195.00	6.18
1781521.00	5.79
1781555.00	6.10
1781802.00	6.77
1781908.00	6.84
1782142.00	6.19
1782264.00	6.16
1782439.00	6.61
1782665.00	6.28
1782782.00	5.79
1783071.00	5.76
1783082.00	6.21
1783421.00	5.80
1783427.00	6.18
1783758.00	6.19
1783766.00	6.34
1784102.00	6.27
1784168.00	5.78
1784404.00	6.22
1784605.00	6.01
1784744.00	5.61
1784967.00	6.12
1785038.00	6.60
1785332.00	6.58
1785380.00	6.07
1785710.00	6.19
1785736.00	5.91
1786050.00	5.82
1786122.00	5.93
1786349.00	6.36
1786479.00	6.59
1786689.00	6.16
1786839.00	6.14
1786988.00	6.58
1787246.00	6.23
1787325.00	5.81
1787649.00	5.84
1787667.00	5.80
1788008.00	5.81
1788010.00	6.12
1788299.00	6.65
1788393.00	6.48
1788636.00	5.99
1788803.00	5.80
1789009.00	5.48
1789197.00	5.60
1789351.00	5.86
1789557.00	6.11
1789651.00	6.56
1789912.00	6.61
1789988.00	6.20
1790302.00	6.44
1790324.00	6.01
1790642.00	5.76
1790736.00	5.76
1790955.00	6.02
1791098.00	6.38
1791293.00	6.14
1791479.00	6.00
1791611.00	6.19
1791894.00	5.95
1791952.00	5.73
1792286.00	5.80
1792305.00	5.82
1792625.00	5.77
1792660.00	6.19
1792940.00	6.41
1793005.00	6.49
1793284.00	6.22
1793427.00	5.66
1793597.00	5.97
1793821.00	6.14
1793933.00	5.91
1794173.00	6.23
1794258.00	6.34
1794539.00	6.22
1794600.00	6.06
1794932.00	6.16
1794966.00	5.74
1795273.00	5.66
1795374.00	5.78
1795606.00	5.84
1795716.00	6.33
1795948.00	6.26
1796035.00	6.51
1796246.00	6.96
1796464.00	6.10
1796587.00	5.65
1796901.00	5.92
1796920.00	5.77
1797244.00	5.48
1797253.00	6.36
1797511.00	7.28
1797565.00	7.49
1797905.00	7.31
1797944.00	5.64
1798231.00	5.77
1798357.00	5.89
1798576.00	5.70
1798703.00	6.20
1798876.00	6.67
1799076.00	6.44
1799217.00	6.01
1799508.00	5.62
1799542.00	5.77
1799853.00	6.40
1799889.00	6.20
1800150.00	7.21
1800193.00	7.25
1800491.00	6.30
1800526.00	6.38
1800826.00	6.42
1800947.00	5.74
1801170.00	5.66
1801333.00	5.89
1801510.00	5.92
1801679.00	6.25
1801855.00	6.22
1802002.00	6.43
1802161.00	6.82
1802415.00	6.09
1802508.00	5.69
1802794.00	6.34
1802808.00	6.48
1803138.00	5.85
1803161.00	6.17
1803439.00	6.60
1803506.00	6.65
1803786.00	6.18
1803913.00	5.72
1804091.00	6.16
1804284.00	6.41
1804432.00	6.02
1804637.00	6.17
1804775.00	6.16
1804997.00	6.10
1805122.00	6.06
1805402.00	5.73
1805429.00	6.14
1805763.00	6.47
1805772.00	6.09
1806071.00	6.56
1806116.00	6.63
1806416.00	6.14
1806471.00	6.13
1806750.00	6.23
1806871.00	5.88
1807095.00	5.78
1807271.00	5.78
1807397.00	6.22
1807624.00	6.58
1807741.00	6.16
1807957.00	6.34
1808043.00	6.75
1808354.00	6.24
1808385.00	5.84
1808730.00	5.82
1808782.00	5.62
1809077.00	5.59
1809135.00	6.11
1809373.00	6.66
1809490.00	6.65
1809712.00	6.17
1809885.00	5.87
1810090.00	5.55
1810260.00	5.69
1810437.00	5.95
1810607.00	6.18
1810739.00	6.64
1810954.00	6.64
1811080.00	6.22
1811348.00	5.85
1811397.00	6.10
1811736.00	6.14
1811741.00	5.88
1812057.00	6.16
1812083.00	6.49
1812398.00	6.22
1812450.00	6.05
1812720.00	6.25
1812843.00	6.07
1813063.00	5.85
1813221.00	5.96
1813400.00	6.02
1813564.00	6.30
1813740.00	6.27
1813902.00	6.32
1814059.00	6.53
1814294.00	6.09
1814403.00	5.85
1814687.00	5.84
1814717.00	6.14
1815030.00	6.54
1815056.00	6.30
1815383.00	6.40
1815392.00	6.22
1815726.00	6.08
1815783.00	5.85
1816059.00	5.96
1816173.00	5.97
1816399.00	5.89
1816511.00	6.32
1816735.00	6.38
1816836.00	6.48
1817075.00	6.43
1817233.00	5.84
1817375.00	6.28
1817607.00	6.45
1817715.00	6.00
1817939.00	6.38
1818028.00	6.66
1818284.00	6.52
1818371.00	6.22
1818686.00	5.79
1818692.00	6.01
1819030.00	5.83
1819071.00	5.95
1819354.00	6.10
1819397.00	6.60
1819697.00	6.90
1819698.00	6.70
1819997.00	7.18
1820102.00	6.23
1820334.00	5.82
1820536.00	5.65
1820657.00	5.78
1820851.00	6.71
1820999.00	6.54
1821095.00	7.51
1821257.00	8.51
1821506.00	6.74
1821594.00	5.78
1821900.00	5.90
1821926.00	5.96
1822231.00	6.48
1822266.00	6.40
1822587.00	6.16
1822602.00	6.19
1822942.00	6.16
1822999.00	5.76
1823244.00	6.16
1823332.00	6.78
1823585.00	6.37
1823660.00	6.41
1823868.00	7.06
1823979.00	7.14
1824205.00	6.52
1824387.00	5.81
1824502.00	6.24
1824762.00	6.46
1824846.00	5.97
1825097.00	6.30
1825146.00	6.76
1825413.00	6.97
1825482.00	6.59
1825817.00	5.85
1825820.00	5.83
1826163.00	5.78
1826201.00	5.91
1826465.00	6.34
1826546.00	6.65
1826804.00	6.27
1826886.00	6.32
1827100.00	6.77
1827287.00	6.29
1827440.00	5.82
1827654.00	6.07
1827771.00	6.16
1828004.00	6.31
1828113.00	6.20
1828360.00	6.16
1828410.00	6.62
1828751.00	6.17
1828762.00	5.82
1829052.00	6.24
1829121.00	6.55
1829392.00	6.14
1829472.00	6.21
1829732.00	6.19
1829826.00	6.17
1830077.00	6.13
1830225.00	5.79
1830370.00	6.35
1830627.00	6.33
1830708.00	5.83
1830979.00	6.21
1831084.00	5.89
1831313.00	6.05
1831429.00	6.31
1831710.00	5.81
1831729.00	6.27
1832070.00	5.85
1832140.00	5.64
1832387.00	5.88
1832495.00	6.39
1832730.00	6.14
1832852.00	6.14
1833044.00	6.41
1833248.00	6.10
1833386.00	5.84
1833625.00	5.97
1833707.00	6.19
1833973.00	6.42
1834050.00	6.19
1834324.00	6.17
1834388.00	6.23
1834721.00	5.87
1834729.00	5.84
1835046.00	6.08
1835112.00	6.12
1835392.00	5.84
1835462.00	6.16
1835706.00	6.47
1835831.00	6.31
1836045.00	6.06
1836227.00	5.87
1836374.00	5.97
1836608.00	6.07
1836718.00	5.93
1836955.00	6.22
1837050.00	6.31
1837297.00	6.36
1837393.00	6.27
1837692.00	5.84
1837729.00	5.89
1838070.00	5.85
1838089.00	5.84
1838370.00	6.27
1838437.00	6.66
1838712.00	6.23
1838802.00	6.07
1839026.00	6.35
1839200.00	6.12
1839369.00	5.81
1839594.00	5.83
1839692.00	6.03
1839935.00	6.46
1840032.00	6.29
1840265.00	6.41
1840358.00	6.54
1840668.00	5.95
1840705.00	5.76
1841004.00	6.25
1841046.00	6.42
1841344.00	5.99
1841382.00	6.34
1841669.00	6.48
1841731.00	6.36
1842014.00	6.17
1842139.00	5.74
1842274.00	6.77
1842528.00	6.88
1842615.00	5.90
1842857.00	6.41
1842950.00	6.45
1843161.00	6.72
1843293.00	6.65
1843573.00	5.72
1843631.00	5.77
1843975.00	5.71
1844011.00	5.56
1844279.00	5.97
1844330.00	6.89
1844577.00	7.86
1844624.00	7.44
1844910.00	8.09
1844993.00	6.33
1845251.00	5.72
1845390.00	5.84
1845550.00	6.28
1845725.00	6.79
1845896.00	6.29
1846084.00	6.07
1846199.00	6.52
1846501.00	6.10
1846538.00	5.74
1846836.00	6.37
1846881.00	6.33
1847165.00	6.39
1847226.00	6.35
1847488.00	6.41
1847531.00	6.84
1847872.00	6.47
1847898.00	5.76
1848168.00	6.22
1848277.00	6.43
1848510.00	5.97
1848615.00	6.31
1848843.00	6.38
1848932.00	6.59
1849186.00	6.51
1849339.00	5.77
1849485.00	6.22
1849726.00	6.35
1849827.00	5.91
1850075.00	6.21
1850129.00	6.63
1850417.00	6.70
1850468.00	6.30
1850810.00	6.26
1850821.00	5.78
1851154.00	5.77
1851190.00	6.01
1851447.00	6.56
1851542.00	6.71
1851784.00	6.23
1851900.00	6.18
1852160.00	5.85
1852305.00	5.50
1852503.00	5.78
1852668.00	6.08
1852802.00	6.53
1853022.00	6.61
1853142.00	6.18
1853380.00	6.15
1853457.00	6.40
1853782.00	6.06
1853796.00	5.81
1854110.00	6.09
1854188.00	6.06
1854449.00	5.80
1854545.00	6.17
1854766.00	6.38
1854883.00	6.55
1855106.00	6.33
1855284.00	5.82
1855441.00	5.87
1855721.00	5.65
1855778.00	5.63
1856082.00	6.14
1856093.00	6.37
1856435.00	6.10
1856445.00	6.08
1856746.00	6.39
1856847.00	6.11
1857081.00	5.87
1857230.00	6.01
1857405.00	6.12
1857585.00	6.34
1857746.00	6.18
1857940.00	6.16
1858074.00	6.27
1858343.00	5.92
1858412.00	5.83
1858741.00	5.86
1858744.00	5.91
1859080.00	5.88
1859097.00	6.20
1859376.00	6.64
1859473.00	6.48
1859714.00	6.03
1859877.00	5.84
1860023.00	6.12
1860264.00	6.23
1860361.00	5.94
1860617.00	6.21
1860678.00	6.43
1860963.00	6.48
1861013.00	6.29
1861333.00	6.45
1861366.00	6.01
1861674.00	5.81
1861769.00	5.81
1861969.00	6.28
1862120.00	6.67
1862302.00	6.27
1862491.00	6.10
1862620.00	6.25
1862893.00	6.03
1862960.00	5.81
1863215.00	6.88
1863292.00	6.90
1863547.00	5.91
1863635.00	6.35
1863875.00	6.39
1863969.00	6.48
1864211.00	6.40
1864373.00	5.83
1864541.00	5.89
1864754.00	6.06
1864877.00	6.00
1865092.00	6.36
1865177.00	6.74
1865442.00	6.63
1865513.00	6.25
1865791.00	6.91
1865850.00	6.48
1866127.00	5.83
1866240.00	5.94
1866418.00	6.41
1866567.00	6.94
1866756.00	6.44
1866869.00	6.70
1867053.00	7.15
1867278.00	6.24
1867385.00	5.85
1867713.00	5.69
1867718.00	5.69
1868027.00	6.64
1868057.00	6.58
1868273.00	7.54
1868354.00	7.98
1868683.00	6.22
1868687.00	5.83
1868979.00	6.28
1869074.00	6.41
1869317.00	5.91
1869402.00	6.42
1869641.00	6.56
1869757.00	6.32
1869977.00	6.21
1870164.00	5.83
1870273.00	6.24
1870492.00	6.88
1870606.00	6.49
1870814.00	6.54
1870902.00	6.96
1871127.00	7.05
1871237.00	6.62
1871527.00	5.87
1871575.00	5.85
1871894.00	6.09
1871911.00	6.11
1872201.00	6.62
1872223.00	6.95
1872530.00	7.18
1872536.00	6.70
1872904.00	6.39
1872922.00	5.64
1873246.00	5.87
1873296.00	6.00
1873543.00	6.47
1873631.00	6.80
1873876.00	6.42
1873960.00	6.48
1874188.00	6.70
1874348.00	6.20
1874528.00	5.92
1874703.00	6.18
1874837.00	6.49
1875040.00	6.64
1875173.00	6.37
1875384.00	6.31
1875491.00	6.49
1875772.00	6.13
1875828.00	5.94
1876118.00	6.26
1876160.00	6.32
1876457.00	6.39
1876498.00	6.33
1876798.00	6.32
1876811.00	6.57
1877148.00	6.32
1877184.00	5.94
1877459.00	6.22
1877574.00	6.20
1877792.00	5.97
1877916.00	6.36
1878113.00	6.49
1878240.00	6.65
1878452.00	6.47
1878625.00	5.94
1878781.00	6.04
1879045.00	5.82
1879115.00	5.75
1879392.00	6.28
1879446.00	6.33
1879742.00	6.31
1879784.00	6.23
1880076.00	6.72
1880131.00	6.42
1880412.00	5.96
1880500.00	6.10
1880724.00	6.34
1880844.00	6.55
1881060.00	6.30
1881189.00	6.30
1881374.00	6.54
1881582.00	6.14
1881710.00	5.91
1881969.00	5.95
1882029.00	6.12
1882317.00	6.44
1882367.00	6.26
1882661.00	6.72
1882685.00	6.54
1882996.00	6.11
1883079.00	5.92
1883312.00	6.11
1883460.00	6.20
1883652.00	5.96
1883807.00	6.25
1883909.00	7.28
1884149.00	7.32
1884240.00	6.37
1884548.00	5.91
1884566.00	5.97
1884904.00	5.85
1884948.00	5.85
1885234.00	5.93
1885297.00	6.31
1885567.00	6.28
1885667.00	6.12
1885868.00	6.46
1886068.00	6.23
1886206.00	5.85
1886467.00	5.87
1886483.00	6.56
1886813.00	6.96
1886817.00	6.30
1887111.00	6.75
1887148.00	6.86
1887447.00	6.39
1887555.00	5.81
1887742.00	6.26
1887940.00	6.42
1888078.00	5.99
1888280.00	6.34
1888409.00	6.37
1888636.00	6.23
1888747.00	6.18
1889047.00	6.58
1889051.00	6.15
1889381.00	5.80
1889446.00	5.93
1889671.00	6.42
1889780.00	6.92
1890010.00	6.38
1890089.00	6.63
1890336.00	6.75
1890508.00	5.85
1890671.00	5.76
1890953.00	5.60
1890966.00	6.04
1891276.00	6.96
1891304.00	6.49
1891528.00	7.44
1891600.00	7.90
1891935.00	7.46
1891947.00	5.75
1892276.00	5.69
1892351.00	5.79
1892614.00	5.82
1892689.00	6.34
1892905.00	6.86
1893052.00	6.64
1893242.00	6.13
1893473.00	5.73
1893614.00	5.43
1893811.00	6.05
1893956.00	6.30
1894143.00	6.35
1894257.00	6.77
1894467.00	6.86
1894595.00	6.47
1894878.00	5.78
1894909.00	6.02
1895252.00	5.74
1895256.00	5.96
1895566.00	6.25
1895595.00	6.58
1895905.00	6.33
1895911.00	6.56
1896227.00	6.72
1896316.00	5.97
1896571.00	5.77
1896700.00	5.91
1896907.00	5.98
1897046.00	6.29
1897250.00	6.24
1897385.00	6.30
1897569.00	6.52
1897785.00	6.02
1897914.00	5.79
1898148.00	6.06
1898230.00	6.33
1898495.00	6.46
1898572.00	6.22
1898849.00	6.16
1898900.00	6.29
1899246.00	5.80
1899581.00	5.90
1899601.00	6.22
1899925.00	6.14
1899948.00	6.20
1900263.00	6.26
1900297.00	6.24
1900610.00	6.16
1900690.00	5.82
1900910.00	6.28
1901086.00	6.27
1901254.00	5.82
1901432.00	6.20
1901573.00	6.45
1901761.00	6.63
1901919.00	6.36
1902152.00	5.83
1902242.00	6.05
1902574.00	5.85
1902588.00	5.64
1902917.00	5.80
1902922.00	6.34
1903265.00	6.16
1903273.00	6.13
1903569.00	6.59
1903661.00	6.29
1903912.00	5.87
1904031.00	6.02
1904239.00	6.18
1904374.00	6.40
1904586.00	6.21
1904717.00	6.21
1904850.00	7.18
1905105.00	6.82
1905193.00	5.88
1905489.00	5.91
1905529.00	5.98
1905832.00	6.31
1905877.00	6.21
1906195.00	6.04
1906217.00	6.09
1906564.00	6.05
1906584.00	5.85
1906872.00	6.23
1906958.00	6.34
1907220.00	5.95
1907298.00	6.24
1907507.00	6.88
1907633.00	6.94
1907850.00	6.32
1908021.00	5.87
1908152.00	6.31
1908410.00	6.30
1908500.00	5.83
1908750.00	6.24
1908804.00	6.68
1909107.00	6.51
1909148.00	6.11
1909491.00	6.12
1909497.00	5.88
1909839.00	5.82
1909883.00	5.85
1910146.00	6.26
1910216.00	6.71
1910489.00	6.35
1910540.00	6.43
1910788.00	6.89
1910933.00	6.31
1911134.00	5.83
1911304.00	5.99
1911469.00	6.08
1911634.00	6.45
1911812.00	6.38
1911975.00	6.25
1912115.00	6.67
1912373.00	6.23
1912460.00	5.81
1912755.00	5.92
1912763.00	6.35
1913078.00	6.87
1913103.00	6.47
1913374.00	6.75
1913450.00	6.70
1913776.00	5.76
1913795.00	5.77
1914089.00	6.31
1914204.00	6.15
1914430.00	5.66
1914516.00	6.58
1914758.00	7.59
1914807.00	7.29
1915152.00	7.55
1915162.00	5.76
1915454.00	6.20
1915551.00	6.30
1915795.00	5.89
1915877.00	6.43
1916112.00	6.67
1916229.00	6.43
1916454.00	6.17
1916635.00	5.77
1916769.00	6.04
1916962.00	6.68
1917110.00	6.42
1917284.00	6.47
1917430.00	6.68
1917598.00	6.77
1917772.00	6.54
1917997.00	5.82
1918109.00	5.87
1918365.00	6.10
1918448.00	6.07
1918695.00	6.40
1918764.00	6.62
1919003.00	6.86
1919107.00	6.60
1919398.00	5.83
1919421.00	6.12
1919758.00	5.89
1919774.00	6.03
1920083.00	6.15
1920111.00	6.47
1920423.00	6.33
1920443.00	6.38
1920755.00	6.46
1920833.00	5.98
1921094.00	5.91
1921190.00	6.17
1921428.00	6.21
1921531.00	6.36
1921768.00	6.30
1921876.00	6.25
1922066.00	6.70
1922265.00	6.35
1922404.00	5.92
1922615.00	6.24
1922717.00	6.49
1922954.00	6.57
1923059.00	6.28
1923296.00	6.26
1923378.00	6.50
1923681.00	6.15
1923717.00	5.94
1924041.00	6.09
1924069.00	6.07
1924384.00	5.89
1924408.00	6.27
1924683.00	6.74
1924730.00	6.93
1925022.00	6.50
1925111.00	5.97
1925345.00	6.13
1925526.00	5.90
1925688.00	5.70
1925869.00	6.24
1925948.00	7.26
1926213.00	7.26
1926286.00	6.30
1926594.00	5.99
1926618.00	6.04
1926956.00	6.18
1926959.00	6.10
1927294.00	6.32
1927297.00	6.35
1927628.00	6.37
1927637.00	6.35
1927941.00	6.72
1928010.00	6.33
1928284.00	5.94
1928386.00	5.97
1928567.00	6.61
1928723.00	6.96
1928905.00	6.36
1929077.00	6.19
1929203.00	6.61
1929457.00	6.41
1929546.00	5.94
1929824.00	6.05
1929847.00	6.48
1930156.00	6.78
1930185.00	6.39
1930482.00	6.45
1930522.00	6.46
1930862.00	6.00
1930867.00	5.93
1931169.00	6.38
1931244.00	6.37
1931507.00	5.99
1931576.00	6.39
1931802.00	6.85
1931924.00	6.71
1932143.00	6.22
1932304.00	5.96
1932473.00	6.07
1932682.00	6.09
1932814.00	5.98
1933006.00	6.46
1933110.00	6.91
1933321.00	7.01
1933450.00	6.56
1933705.00	5.95
1933748.00	6.38
1934067.00	6.56
1934086.00	6.14
1934388.00	6.51
1934427.00	6.48
1934721.00	6.36
1934769.00	6.36
1935060.00	6.90
1935110.00	6.44
1935395.00	5.96
1935483.00	6.07
1935768.00	5.74
1935798.00	6.28
1936087.00	6.58
1936110.00	6.85
1936407.00	7.31
1936480.00	6.33
1936745.00	5.89
1936900.00	5.72
1937057.00	5.99
1937206.00	6.94
1937397.00	6.66
1937443.00	7.65
1937707.00	7.95
1937841.00	6.15
1938044.00	5.89
1938223.00	5.99
1938360.00	6.18
1938545.00	6.71
1938699.00	6.50
1938892.00	6.25
1939030.00	6.32
1939294.00	5.90
1939367.00	5.84
1939618.00	6.48
1939678.00	6.75
1939938.00	6.80
1940018.00	6.51
1940249.00	6.60
1940328.00	6.91
1940647.00	6.15
1940662.00	5.91
1940984.00	6.02
1941015.00	6.24
1941321.00	6.10
1941344.00	6.43
1941648.00	6.53
1941655.00	6.73
1941984.00	6.64
1942051.00	5.89
1942315.00	5.93
1942431.00	6.06
1942651.00	6.01
1942772.00	6.34
1942944.00	6.81
1943108.00	6.84
1943279.00	6.38
1943504.00	5.90
1943589.00	6.16
1943867.00	6.41
1943926.00	6.14
1944213.00	6.29
1944241.00	6.50
1944568.00	6.43
1944576.00	6.22
1944894.00	6.39
1944966.00	6.06
1945232.00	5.87
1945324.00	6.17
1945526.00	6.62
1945674.00	6.69
1945859.00	6.29
1946028.00	6.25
1946175.00	6.40
1946427.00	6.06
1946513.00	5.85
1946767.00	6.90
1946831.00	6.87
1947099.00	5.89
1947185.00	6.27
1947426.00	6.31
1947521.00	6.46
1947762.00	6.37
1947919.00	5.88
1948091.00	5.96
1948355.00	5.73
1948425.00	5.66
1948715.00	6.17
1948724.00	6.56
1949058.00	6.18
1949077.00	6.17
1949335.00	6.83
1949479.00	6.54
1949669.00	5.89
1949862.00	6.01
1949960.00	6.48
1950217.00	6.70
1950297.00	6.20
1950573.00	6.20
1950593.00	6.62
1950926.00	6.24
1950977.00	5.87
1951256.00	5.88
1951377.00	5.91
1951595.00	5.84
1951735.00	6.15
1951893.00	6.59
1952112.00	6.44
1952225.00	6.08
1952515.00	6.55
1952517.00	6.36
1952853.00	5.83
1952906.00	5.92
1953177.00	6.05
1953260.00	6.33
1953512.00	6.22
1953610.00	6.26
1953807.00	6.70
1954015.00	6.29
1954143.00	5.82
1954421.00	5.82
1954437.00	6.29
1954772.00	5.84
1954775.00	6.22
1955111.00	6.18
1955149.00	6.03
1955447.00	6.06
1955554.00	5.84
1955735.00	6.37
1955955.00	6.39
1956069.00	5.88
1956302.00	6.28
1956439.00	5.97
1956636.00	6.10
1956778.00	6.37
1957045.00	5.78
1957075.00	6.23
1957408.00	5.85
1957428.00	6.02
1957719.00	6.24
1957769.00	6.58
1958058.00	6.30
1958123.00	6.19
1958367.00	6.50
1958533.00	6.07
1958701.00	5.82
1958925.00	5.96
1959018.00	6.11
1959255.00	6.61
1959355.00	6.42
1959560.00	6.69
1959685.00	6.76
1959971.00	5.85
1960021.00	5.79
1960333.00	6.04
1960407.00	5.89
1960670.00	5.63
1960726.00	6.54
1960973.00	7.51
1960982.00	7.78
1961314.00	7.55
1961385.00	5.82
1961635.00	5.95
1961779.00	6.06
1961971.00	5.90
1962111.00	6.42
1962300.00	6.50
1962467.00	6.27
1962634.00	6.21
1962878.00	5.81
1962965.00	5.86
1963207.00	6.49
1963302.00	6.42
1963532.00	6.47
1963595.00	6.95
1963849.00	7.03
1963929.00	6.59
1964241.00	6.82
1964251.00	6.11
1964579.00	5.85
1964621.00	6.07
1964894.00	6.31
1964953.00	6.65
1965231.00	6.41
1965261.00	6.66
1965552.00	6.81
1965656.00	6.05
1965892.00	5.86
1966033.00	5.99
1966189.00	6.46
1966371.00	6.79
1966525.00	6.36
1966702.00	6.43
1966843.00	6.61
1967092.00	6.11
1967183.00	5.90
1967441.00	6.91
1967447.00	7.18
1967775.00	6.21
1967786.00	6.37
1968104.00	6.42
1968131.00	6.37
1968444.00	6.26
1968519.00	5.93
1968777.00	5.97
1968868.00	6.28
1969113.00	6.26
1969206.00	6.37
1969415.00	6.72
1969547.00	6.70
1969755.00	6.30
1969931.00	5.93
1970035.00	6.62
1970317.00	6.61
1970372.00	5.95
1970656.00	6.34
1970668.00	6.78
1970978.00	6.95
1971006.00	6.51
1971306.00	6.92
1971359.00	6.39
1971642.00	5.99
1971772.00	5.78
1971977.00	5.79
1972114.00	6.33
1972317.00	6.28
1972458.00	6.27
1972619.00	6.68
1972837.00	6.38
1972954.00	6.02
1973201.00	6.15
1973247.00	6.62
1973536.00	6.86
1973587.00	6.36
1973871.00	6.36
1973914.00	6.46
1974252.00	6.38
1974253.00	5.98
1974550.00	6.40
1974630.00	6.43
1974888.00	6.01
1974966.00	6.37
1975185.00	6.80
1975322.00	6.61
1975521.00	6.19
1975704.00	6.00
1975862.00	5.95
1976071.00	6.07
1976201.00	6.09
1976404.00	6.37
1976491.00	6.90
1976733.00	6.96
1976827.00	6.45
1977114.00	6.00
1977200.00	5.69
1977497.00	5.68
1977539.00	5.95
1977831.00	6.36
1977839.00	6.79
1978175.00	6.39
1978183.00	6.23
1978486.00	6.49
1978567.00	6.24
1978826.00	5.95
1978946.00	5.97
1979136.00	6.27
1979274.00	6.72
1979472.00	6.45
1979592.00	6.57
1979791.00	6.74
1979978.00	6.13
1980130.00	5.93
1980343.00	6.09
1980462.00	6.17
1980666.00	6.55
1980799.00	6.49
1981001.00	6.38
1981112.00	6.63
1981392.00	6.16
1981452.00	5.90
1981762.00	6.18
1981766.00	6.30
1982082.00	6.84
1982096.00	6.61
1982370.00	6.91
1982418.00	7.04
1982756.00	6.87
1982765.00	5.88
1983085.00	5.98
1983182.00	5.84
1983421.00	5.76
1983488.00	6.69
1983725.00	7.73
1983752.00	7.77
1984090.00	7.72
1984119.00	5.89
1984383.00	6.35
1984498.00	6.47
1984719.00	6.01
1984816.00	6.57
1985030.00	6.83
1985157.00	6.59
1985368.00	6.30
1985553.00	5.88
1985682.00	6.11
1985871.00	6.77
1986017.00	6.57
1986184.00	6.64
1986337.00	6.78
1986488.00	6.86
1986675.00	6.68
1986876.00	5.93
1986971.00	6.39
1987235.00	6.62
1987304.00	6.21
1987555.00	6.56
1987622.00	6.73
1987853.00	6.97
1987960.00	6.77
1988215.00	7.81
1988236.00	7.02
1988547.00	6.02
1988601.00	6.16
1988874.00	6.22
1988929.00	6.55
1989210.00	6.46
1989250.00	6.51
1989540.00	6.58
1989629.00	6.09
1989874.00	6.04
1989976.00	6.29
1990172.00	6.69
1990306.00	6.86
1990508.00	6.44
1990643.00	6.37
1990785.00	7.06
1991021.00	6.72
1991118.00	6.05
1991361.00	6.37
1991410.00	6.84
1991691.00	6.93
1991747.00	6.43
1992025.00	6.40
1992042.00	6.85
1992374.00	6.44
1992403.00	6.07
1992706.00	6.08
1992781.00	6.07
1993045.00	5.99
1993112.00	6.39
1993342.00	6.83
1993427.00	7.01
1993674.00	6.63
1993802.00	6.08
1993964.00	6.55
1994211.00	6.32
1994300.00	5.81
1994547.00	6.37
1994624.00	6.50
1994885.00	6.49
1994958.00	6.38
1995252.00	6.82
1995260.00	6.51
1995586.00	6.08
1995619.00	6.20
1995878.00	6.65
1995951.00	6.90
1996211.00	6.45
1996283.00	6.44
1996547.00	6.41
1996662.00	6.01
1996883.00	6.02
1997035.00	6.07
1997169.00	6.62
1997370.00	6.95
1997499.00	6.45
1997724.00	6.27
1997864.00	5.96
1998104.00	5.75
1998201.00	6.01
1998471.00	6.11
1998494.00	6.56
1998804.00	6.86
1998825.00	6.46
1999131.00	6.72
1999134.00	6.75
1999466.00	6.45
1999516.00	6.02
1999770.00	6.32
1999901.00	6.29
